"gcm","run","Tmax01","Tmax02","Tmax03","Tmax04","Tmax05","Tmax06","Tmax07","Tmax08","Tmax09","Tmax10","Tmax11","Tmax12","Tmin01","Tmin02","Tmin03","Tmin04","Tmin05","Tmin06","Tmin07","Tmin08","Tmin09","Tmin10","Tmin11","Tmin12","PPT01","PPT02","PPT03","PPT04","PPT05","PPT06","PPT07","PPT08","PPT09","PPT10","PPT11","PPT12","Tave01","Tave02","Tave03","Tave04","Tave05","Tave06","Tave07","Tave08","Tave09","Tave10","Tave11","Tave12","Tmax_wt","Tmax_sp","Tmax_sm","Tmax_at","Tmin_wt","Tmin_sp","Tmin_sm","Tmin_at","PPT_wt","PPT_sp","PPT_sm","PPT_at","Tave_wt","Tave_sp","Tave_sm","Tave_at"
"obs",NA,4.38597903908501,3.14652112600794,1.90058395342238,1.50385299628503,1.2504566527158,1.70006217591392,1.3264459772941,1.72638214427758,1.6913517911099,1.5776331262097,3.13321176197718,3.62053752906766,5.14416116755197,3.90448896670889,2.56564322100692,1.19298826410329,0.825050285419939,0.891641379388426,0.758423614434775,0.814291212719275,1.23760898482734,1.15669746567058,3.51137972877078,4.24337810814135,33.867231559232,26.0981402626713,16.8650298065416,16.2680139357264,18.7727774538749,22.787055077943,25.9002076281547,21.5910667953884,19.8212610521049,22.5393818269494,24.9907603563109,29.4195397135241,4.74866390397425,3.48246756350292,2.18481744571015,1.27658246268558,0.913156069935969,1.18047665136285,0.898142835058075,1.15516925555514,1.37551486381124,1.29268617078221,3.30307701814349,3.91580712936893,2.63387852386764,0.938344656610838,1.01876313275671,1.60539248047694,3.21687400167907,1.18627862129634,0.542124979212578,1.49601921909303,53.0648609456537,29.9013835370749,45.7704391514195,38.9758726401782,2.91427145505085,1.01765362035383,0.675970092550031,1.52987244567407
"era5",NA,4.60065769945931,3.6918268422438,1.90186977949749,1.7057834803772,1.57043147844049,1.85361481875551,1.50352144482553,1.93018909576261,1.97241779446428,2.10704291887304,3.95099374390905,3.66541820777077,4.99084158396732,4.24966108987766,2.21788794432201,1.25823163352955,0.921696453147023,1.33732064897202,0.84449068501063,1.18358438864965,1.4220721544564,1.7342103117635,4.54422353893572,4.28817486153401,31.1467986482852,20.626090057571,14.8470460576237,20.84854567973,16.0216018700638,29.8274103650652,32.2707507710491,25.9767595756285,24.7847398317866,23.8986040267433,32.7119826499955,39.4296913979836,4.79187103315517,3.95423339947523,2.03590422603597,1.45286470663461,1.23798034714499,1.54939640139773,1.12261853601214,1.5303277856048,1.68898605380127,1.91265394635077,4.2311790899038,3.96779002608756,2.36615835848753,0.947291294237542,1.00809561986804,2.10221587815602,2.64435355305122,0.87584341810268,0.710918346310249,2.07815864306643,32.3311769781318,39.0942991535939,55.3981779435745,37.088356225867,2.49641137953225,0.875568039933453,0.824427532321874,2.08129633254487
"ACCESS-ESM1-5","r1i1p1f1",3.26884281257654,3.70758154590566,1.97577570973337,1.30984337047313,1.6476419932531,1.91984194751763,2.08907668105083,2.24732024328133,1.82371352862306,1.8445601911704,1.77815932208355,2.26670047304066,3.61543466489051,4.36227426712365,2.81759659545376,1.28546248218431,1.06309026876377,1.72214781695657,1.15404834656391,1.16185048595942,0.964597468305857,1.72894227182701,2.31715491423248,2.50471738832993,23.4118979477795,15.5720040567946,15.0793929570796,11.9358842711101,22.3125695208035,38.0563864774907,35.8225736318483,27.5049053096344,32.3314033669768,21.9826475453583,21.864710716418,26.4025662719957,3.43213515528423,4.02040771078252,2.37786971211967,1.26734404150579,1.32736018377502,1.78449258701275,1.46002676719283,1.54963844503963,1.20771466524328,1.74824706952191,2.04561768767723,2.37700671423962,1.79322159204068,1.2314088744572,1.42604670169048,1.19820267700102,2.06296294003407,1.40211662656241,0.781686946775127,1.23781880834751,45.8995841766154,34.9932899971921,61.426938566147,52.8956078832008,1.93433584788521,1.29810206282759,1.01766579885585,1.16186532544988
"ACCESS-ESM1-5","r2i1p1f1",2.50839739101769,2.65557102546032,1.68271810767135,1.3335157921135,2.42600849985719,1.80309121539496,2.1710636198369,1.940659918569,2.28242661752088,1.66623327698535,1.69704272868673,2.6025650477147,2.85939467912957,3.20485443569954,2.31685726496193,1.55095817621489,1.32922931607479,1.39326788605022,0.933193749825107,0.970578687436391,1.12884846218379,1.57359315018173,2.30680153748287,2.98402643974604,25.4083027881579,17.8605032043513,17.5050285057896,11.6382351428977,23.2566858512044,33.3320907814387,35.3077909737819,22.3123902489332,28.9818264498257,27.1955591371387,29.7741768852709,25.0962901961464,2.68122463013478,2.90937643909615,1.9899055600533,1.41657268112848,1.85964092443033,1.56947901158827,1.46830498883232,1.30604254388469,1.59943955701731,1.58873910823111,2.00092220117935,2.79572950198617,1.8565076594658,1.43919278141219,1.20405922640444,1.2403373660457,2.15347887483667,1.35257948541585,0.690568647906393,1.09940422737609,48.3150822457521,37.5934062755997,56.2952802170186,50.0054485537073,2.00568158507019,1.37758742968887,0.865188837270761,1.1271212440774
"ACCESS-ESM1-5","r3i1p1f1",3.55982693625574,2.33337602588201,1.63958222881851,1.245317667085,1.73163931366889,1.37287348623076,1.52427107131592,1.63215181286236,2.27020936803473,1.41755820493122,1.61679760104925,2.14803839945129,3.92660978043606,2.79573566902067,2.48147388535083,1.37758742968887,1.17897773759606,1.21299951199164,1.06406291405042,0.735823879477417,1.26161727989099,1.30419746759559,2.09701758662647,2.4290601749099,29.3362591931602,23.9048679695931,16.6645500954889,11.6436752107654,26.2024443889119,38.4695952489845,35.2513094237924,24.1470171404588,23.1649606582625,19.9635371638383,27.0347245840111,25.8925589541745,3.74686995807949,2.54852673239798,2.03850576332922,1.28839203000814,1.42209170857094,1.26340626969271,1.14227037482174,0.964090900469357,1.71858000726743,1.34172645686722,1.8419629709109,2.27595123475625,1.84902583857666,1.20508501154793,0.942660700041271,1.20021070946998,2.01005804227971,1.33589265863777,0.58250351486286,1.11149169727149,54.2565965055662,30.6553694833535,63.2327115984437,50.3242553661842,1.92613304466413,1.24189788019289,0.626979623493349,1.12282996327885
"AWI-CM-1-1-MR","r1i1p1f1",0.72203416354999,0.905417919634575,1.68926291482478,2.7413730933205,3.52356435263022,2.35743139001344,2.35557787526475,2.60446345435245,3.37155784450609,3.73787695596458,1.81311949381462,0.837682901626959,4.23328355478019,5.09893047158156,5.19945288899011,4.71188763209303,2.09981936825774,1.5435591056528,1.41614662530679,1.41478238446847,2.75965181878431,3.32467092831895,4.82377254948815,6.60226363132155,32.6428075547657,30.6806406817667,26.7746371665854,28.0602760491415,27.685022507926,30.9915503871991,28.736797068343,27.7779514400702,24.4136583215969,33.4928257886722,30.9964706926821,30.2557187526818,2.26008849384266,2.78502564011392,2.95351923340089,2.90988011760804,2.10326511356297,1.58126967753873,1.66893179409266,1.65604431058492,2.51336885245794,3.01451660218145,2.85936453031812,3.48467911087192,0.56000821012044,1.51007726071659,1.72613780566267,1.97119778045106,2.9861384744358,2.75034167156461,0.944579210578695,2.40368730155945,51.9765553912995,53.7978998009077,52.495489023497,53.3936308569847,1.64603668902282,1.69007923367278,1.13251322592566,1.88205378158585
"AWI-CM-1-1-MR","r2i1p1f1",1.03413576555943,1.44834824668591,1.90577163302463,3.11453581346135,3.68543108724754,2.52394509658485,2.13823700072381,2.4391820750822,3.48223075549033,2.99679714085693,1.92378040183456,1.37237104998997,4.11256694736411,5.71411340052182,5.31237981608477,4.64092737462587,2.59452119472651,1.84976233328911,0.976158315782468,0.925724320325106,1.9438112816965,4.04488608594554,5.02776315063176,5.42327995932732,35.4529964040134,34.8086825276445,28.438921039397,24.7871713204425,26.7017948942522,25.0282830818054,24.9107704168021,28.7674666582067,29.8811171297115,34.5039701197266,36.0649097135107,30.1440076201274,2.22864321386637,3.30235896180952,3.35318685267695,3.39832446882317,2.50133068034072,1.75920893925481,1.32433023627517,1.49382252865809,2.01745543613276,2.81090037524282,2.94356106173083,3.06849770423892,0.877358889331872,2.06074699100097,1.57840673341568,1.65999584544557,3.64761140549775,3.08080635809717,1.04232278187191,2.26337404530615,61.8104198335523,45.731031366951,47.4490300035297,53.7937612286633,2.11698115140459,2.31196040613593,1.17573161375639,1.598810621149
"AWI-CM-1-1-MR","r3i1p1f1",1.35608038957449,1.25482516985298,2.12828785539041,3.80975909577182,3.1341720569807,2.20734406382239,1.83448448707895,2.29288003405645,3.21004171563112,3.04400862445347,1.52213174773778,1.10974782265389,5.08043463612652,6.76340728929728,5.07974227783215,4.90219748989013,2.80952607775924,1.66124174578266,1.13924758392163,0.969393696044612,1.8580084505456,3.66421652725664,4.55883757113587,5.32658157398981,30.5508404233781,32.7549215394797,22.970246622208,25.9274276731635,25.6209181778457,26.5495046168907,23.3563636754083,28.695448796093,32.4728677195445,35.5697386881718,18.7165367289581,39.4555336794604,2.99923361858502,3.68360143612605,3.21769711325409,3.83667270838475,2.60630535168213,1.80071505592742,1.21466612412772,1.30373468847424,2.07274597142751,2.94239913058683,2.51679644942059,3.11524984699388,0.937617425596181,2.01171568567728,1.31227625350657,1.64155799278556,3.81907493162066,3.12618896921865,0.970063394065433,2.2325079964074,66.4398319110443,32.2080487192076,52.8177891488721,50.3970875823356,2.24940605187389,2.40730688462888,1.00016665278009,1.57005014928325
"BCC-CSM2-MR","r1i1p1f1",2.94730736260322,2.82802884116071,1.89983665359547,1.97042500812482,2.24463856753166,2.29817518814435,2.21327239910583,3.11463176547128,2.14683943047213,1.67943613963926,2.4510870213452,4.41918492510767,4.00546178834988,4.69574152884793,3.19328318056266,1.95707969166823,1.38647406929505,1.27053703913585,1.022398577158,1.33121671077044,1.39728801365483,1.84927447718126,3.21090276273265,5.76427363808422,29.2415396940408,29.5528128462662,25.7203754374558,21.8502376430434,20.0188132779511,19.4305897000568,23.9363917618072,32.5446446677748,28.5943005332969,28.1353226267328,26.2364143278309,36.3989099243118,3.44266837166193,3.7318280011122,2.43694976106013,1.76958986091751,1.70494884812203,1.7281443107046,1.51177751814472,2.15139890336016,1.66835316970076,1.68398815077602,2.75712035349895,5.07020709636204,2.26345529778202,1.46601735888485,1.61590158457577,1.26052351831685,3.08778833173668,1.59754121418963,0.784541743393197,1.3522267714327,57.8512058905301,36.4492815626972,44.7905265024627,43.8895506376223,2.64516257675616,1.4739461460241,1.15384913055908,1.22725747890988
"BCC-CSM2-MR","r2i1p1f1",3.54801061305414,3.33937842657314,3.01363949212671,1.76364630123562,2.14616471607045,2.86613400557808,2.63657083104673,2.67422993535082,1.97619453181771,1.88429992487835,2.83338269057753,4.65676618098524,4.67286616124617,4.62186706563633,4.39611767070817,2.08553860294357,1.36903775251674,1.36708432081927,1.42675985300993,1.26364279107993,1.33237753097892,2.31029927901575,3.81672212979828,5.7106887077866,46.6846063629583,38.9121156855604,22.3893706820944,18.9629490528665,19.4815400391974,17.7878820303722,23.3915890178844,32.7429706416016,30.3661390746148,28.9893012369546,29.7952748317389,35.7645025643886,4.06872710191837,3.90818328021143,3.63805556250342,1.84752397212762,1.69016424421232,2.05501629045197,1.94397388942306,1.8319169032,1.56335918906149,2.04156802482798,3.28811164058028,5.13961848398493,2.16047302185445,1.71204321032589,1.8437966826352,1.48426226885905,2.888709690876,1.99332506821798,0.981091346351122,1.83154039810348,76.4041324031355,38.6610708891884,49.0666724450271,53.7212558800828,2.50416664276015,1.79979564612655,1.37289023093869,1.63358782910571
"BCC-CSM2-MR","r3i1p1f1",3.93906021816103,3.80887650494015,2.98200734675352,1.7442318732285,1.95507003725563,2.75338036752568,2.41746518714013,3.30090374249862,2.39300705360864,2.10715529761711,2.61276486310672,4.49500872616237,5.35535396514124,5.71902350800007,3.85856265300001,1.90039620793308,1.08301409973734,1.27412805433778,1.17608350630094,1.46502912763794,1.44953817457155,2.27057388056994,3.72287893789294,5.71618392117413,35.5319640783389,32.6226507940049,27.0661947187211,21.0958720154431,18.1591875356257,24.0681897661766,20.7108447909307,26.6823349802824,29.3160598958334,36.0606113322441,32.4620381297945,38.5800889626737,4.62919769121689,4.74163389076202,3.33349597304374,1.74823720739874,1.37128180659682,1.90704682328644,1.76688569451203,2.30876640196677,1.85449128631937,2.1074825642507,3.12142024851126,5.08394927491267,2.82354631502716,1.44477258282816,1.92455697245623,1.49466484152995,4.01829723187299,1.78328445523306,0.985230004069882,1.56952295263579,69.9968003373816,45.6268423970631,40.7855484886159,53.4411357336813,3.403596812839,1.52805563478183,1.42283915618309,1.48159590873545
"CanESM5","r10i1p1f1",2.8571125203644,4.09774959265911,2.27458724309198,1.81209220541327,1.41626025272486,1.56653215367759,1.22403609743181,1.4254218976173,1.83986506251841,1.23983684503198,2.17876111586378,2.99101335997354,3.6206448273087,5.62085709503085,3.48869438411379,2.34130575612801,1.31656117720877,1.53251727409589,1.05501538911258,1.08435053924182,1.26629607403894,1.29809763548986,3.05463845519466,3.72085764430667,34.4661012870768,26.3870938933777,25.6283080286974,14.1510910996412,15.2523689511069,21.6069582236409,34.9275159124735,20.5207226352111,27.5890608006519,21.7993464522936,22.0452775978851,24.9377028410498,3.19813882657132,4.82576418818823,2.79123422624242,1.9727336771393,1.24073115262874,1.48465329363419,1.06721788918126,1.1542276115699,1.46640541037811,1.1945518084154,2.57611486857476,3.32399842317071,1.6744324823447,1.21198990929376,0.896871958723667,1.20851385888886,2.24879022393472,1.74354639255413,0.872702237537122,1.3014978108795,50.8413443847679,33.1064503906907,50.6591408506317,43.9803540257452,1.92657160804356,1.4256476648765,0.821520877229628,1.21250192558207
"CanESM5","r1i1p1f1",4.5745686311301,3.59913144056129,2.74466043793039,1.6569463673782,1.84327295114256,1.69175145588994,1.11693340440917,1.2441125720585,1.48184414462706,1.86561136015153,2.36562790867432,3.6571218505657,5.37972460090749,5.03011162783747,3.43420254592486,2.27467062160252,1.58891635161005,1.59771388401441,0.922546450875504,1.05599547195128,1.39069568301574,1.83936520784103,3.42099837548302,4.69019030077365,29.5034081413321,29.7654594238464,18.9442727826741,23.054100291052,16.2668837134568,24.5883555750493,25.3924090385613,23.4061395325263,29.8401457578641,24.2714176067999,24.8366453858606,25.4933067618772,4.93889559063283,4.27413498676135,3.01734449741689,1.71318081525189,1.62729943411649,1.55792375833402,0.919670105770692,1.05126634091472,1.26861314447897,1.78860055742555,2.8830160612101,4.16150945205465,2.007975477251,1.45107570086993,0.704827361270405,1.34343871695247,2.56799264151916,1.6158553480269,0.710997356801915,1.52648646228528,40.6231172508021,36.410653360808,40.5345615266888,44.930239797667,2.26918639528614,1.43751061965093,0.667126278349435,1.39728801365483
"CanESM5","r2i1p1f1",4.03879036175522,4.52218541410458,2.54857408859493,1.95781957066129,1.55060611063701,1.16392617374601,1.49345314585044,1.587990127072,1.57364793270031,1.32824748421006,3.81276742043084,3.70031996131307,5.11942884745339,6.15287616139568,3.71162975016351,2.00529471563452,1.23932221001235,1.34429830433371,1.18644160335051,1.18949424198864,0.982864684738315,1.89648495180262,4.82365459772577,4.78123727554463,19.0651963704463,25.3714485652446,21.1093148257776,19.2132261078473,15.1365755552645,19.8715822623463,27.9084875649133,21.9784013621733,18.5835550216147,19.5090974946939,24.6306614356704,26.7380954281796,4.55271675871204,5.30780059218852,3.02234019095883,1.8586517174814,1.26917929858394,1.19125646022298,1.27378971179903,1.31867226850501,1.2329760277708,1.56662019984893,4.30378609048401,4.19813861325373,2.56118013387597,1.5203183272236,0.928229064079713,1.4724910475305,3.37325518968142,1.79752383962577,0.812375543076295,1.71824556338492,39.7428712612961,33.3635055973908,41.7276936074006,35.1684336321357,2.94552846379635,1.59157263367899,0.836392087562963,1.5818656234253
"CanESM5","r3i1p1f1",5.08060205501074,3.70436834394019,2.67731208490904,1.84306404052362,1.38113729581279,1.69699192962,1.19980841382491,1.30070272783865,1.41034356293679,1.36733653333856,1.49050635537132,2.49359870122653,6.49829332147711,4.57097917023395,3.58085747131676,1.75742758716766,1.30676841030112,1.70799337800541,1.04633459846935,0.828160959423133,1.46868069657967,1.89840828669402,2.15053054133053,3.38216417146753,36.4470772049229,21.8471768869809,18.9126500875296,15.4901021419426,13.6895110447261,22.7252343411915,30.2674735322093,24.7339600874829,24.6460311323084,21.8898926972896,16.0926659243186,24.8085876862933,5.76975965156103,4.09967898939563,3.05313857733543,1.64326909948837,1.25744221320116,1.61687935560286,1.01585137839573,0.960848523471557,1.38711641689621,1.56265321087926,1.81040733334896,2.89959370915322,2.61289683781382,1.48392149000739,0.902002879930158,0.916740853842267,3.37720553733102,1.57916025989663,0.91428635570585,1.26427935949717,51.226684519853,30.2855672921426,48.0638044566863,39.4923423393482,2.9817837753195,1.46015665983632,0.85513996972197,1.06404671058128
"CanESM5","r4i1p1f1",4.53487634321774,5.52066650149143,2.44548845695568,1.64394045813255,1.47959298535065,1.33745340449505,1.280175993648,1.21694926650267,1.86213324708117,1.71256680379811,2.58238061779677,3.59939969452123,5.42976153664483,7.0757031249653,3.23870983252751,2.23446360145045,1.55646224260137,1.33121671077045,0.935021052071071,1.00703844851208,1.24959303720079,1.96480820040222,3.41662601601834,4.5468961245905,37.2129318765745,28.8393730303141,22.4384737325932,15.4012467774155,16.6646797666243,26.8566916253188,21.6887660947469,31.5029252427544,25.8186044032851,22.7755151852603,26.1143385549188,33.5181318232317,4.96931850828477,6.2660772527899,2.75692649125089,1.81214294937389,1.39638696346111,1.21307531676229,1.03139789082362,1.00479311074584,1.44822126333865,1.7284635393599,2.9700439255237,4.05372115128974,2.89060308705581,1.16372864870471,0.711716397088797,1.38157414800538,3.62021940022247,1.53364189798804,0.732190855088932,1.51405674137132,53.0130133665961,38.9686919721844,45.0711677341462,39.5079170008636,3.24362504742392,1.26979046149038,0.68668786933006,1.40346451457747
"CanESM5","r5i1p1f1",4.9409676096429,3.80574882748862,2.43911845767579,1.92127831009138,1.29257828416296,1.40975664322019,1.21382836939364,1.22950321712452,2.12731550654054,1.26418844077657,2.71792686376613,3.00421925520314,5.87122439207266,5.02083131826163,3.34216531092004,2.51387185913243,1.22589399702993,1.41565954735699,1.15531754106378,1.04485603694051,1.5069341640273,1.4532721699668,3.74644659230123,3.63664143400751,28.3401579340013,22.4813283957328,26.1350682628427,17.9776620652779,11.4972005588167,22.7333824619417,23.6017299190634,27.3957283355359,26.1491425322593,21.8985699947757,26.3404328419039,18.4908318382101,5.38943624032289,4.36291055440598,2.80709487000269,2.12902492386463,1.11091243434467,1.32891797659063,1.09092916212814,1.0470758406591,1.71719163940335,1.33827818698024,3.20640343508202,3.2928763236354,2.24233304200432,1.27832954936574,0.67756324724928,1.00573642030426,2.60853814700261,1.7540265663331,0.872570518837777,1.3715667691727,41.145640402574,33.6669251725594,50.9512979090885,50.7940852063902,2.40410568360275,1.44803076743841,0.722543400438507,1.13585756756431
"CanESM5","r6i1p1f1",3.71938846784154,3.72422945821968,3.04072737819518,1.96094335730911,1.71543366052965,1.42492185710325,1.05023259602201,1.20936955172672,1.95605749392502,1.59906941328566,3.24459054675501,3.75338008586468,4.77441095843246,4.62830372839757,3.51592273004942,2.29913526972767,1.65289366604884,1.50055928270746,1.01068430215409,1.15099157650932,1.30929918957284,1.82316196214979,4.05120104229073,4.66644170229518,23.9354870481026,27.648015247508,22.2072050024984,16.532339954399,20.6719199848991,23.7884498197673,26.4350405298742,25.429583640672,19.8313698438877,20.8591984726053,26.1090515858513,31.8849375313691,4.21901688172445,4.16003978760814,3.20760769522035,2.0294951526704,1.50235447398982,1.37401584424267,0.915643106701828,1.11036910089838,1.52934513819613,1.66284619591361,3.61233518893823,4.19228218099134,2.5018820501981,1.68073943770927,0.665064165947607,1.29607719367097,3.13931136749271,1.8821759234717,0.896384820892476,1.6418415508693,52.999046727493,29.6052853311741,48.9750436094928,45.7377920399494,2.79870454432703,1.72833053458579,0.737415492917936,1.43310610334625
"CanESM5","r7i1p1f1",4.37446220011442,3.04435411114131,3.65244210540473,1.87136928170411,1.34590054456563,1.31839766906389,1.21625012551535,1.37524919372003,2.23935797449426,1.82444764117864,2.50360888943628,4.22231210833944,5.42120570208951,4.1548766528021,4.58065522593117,2.1789193778505,1.58847863310027,1.39138977904877,1.40779439460145,1.15458108042024,1.4466131670811,2.21936358279658,3.31860828052065,4.97785440554047,27.35906519375,26.2599393333858,24.5401161132252,20.0286851761432,14.4079978587884,21.5733576111993,36.532476655364,30.2823191082637,20.7099831554458,25.3378915288237,22.361823224662,29.5553873183931,4.85017952031781,3.53157188798416,4.06175886254604,1.91671414234055,1.32318407334506,1.2499609189293,1.23279422824549,1.17406847398659,1.81855380207309,1.95211644649843,2.90560496796881,4.57044478330516,1.97827569176889,1.69028665187809,0.731782581868711,1.51592693846327,2.45718276211534,2.09085584412688,0.962372547166756,1.62530633717314,48.9261560632596,33.9249577541475,61.0519534739758,43.8798287122465,2.20042838044579,1.85683267587763,0.782605433387615,1.52296217717429
"CanESM5","r8i1p1f1",3.83978118389966,4.21270655893858,2.21510229129933,1.38343650079219,1.49936384977863,1.47032328918257,1.35619481189691,1.40411546173563,2.01678303074561,1.55288385781489,2.72661636128173,3.49822450861057,4.94539028363498,5.36592055925876,3.19736960856781,1.76467248109026,1.46463678758258,1.44183790757635,1.11802884835192,1.01868181670145,1.18471588329773,1.55024655065447,3.51398683097644,4.39541166196762,33.9995571303138,28.1816213445784,28.032113152884,20.9970594547695,15.6561456480107,21.6894436424091,35.9618893101937,27.1813568631064,22.0192812581709,23.2338706875638,22.1267615053049,23.3936107300371,4.37556564487881,4.75028855747841,2.6169122807342,1.32784502627118,1.31686234541869,1.37291116153641,1.14729066154526,1.08530413132507,1.52394301036836,1.46389890361322,3.10524398878495,3.90181949893878,2.35576085276123,1.02744521905595,0.945260409294344,1.22804395443444,3.00453488664343,1.39386587194232,0.840969610067731,1.40426280410346,57.8787763098568,35.3514734934899,55.2988080559951,50.3712543457855,2.65685190949091,1.14789162049986,0.816778082946408,1.27725009927263
"CanESM5","r9i1p1f1",3.82194059151336,3.69899800039099,2.7724506774009,1.66329198575748,1.42169156167986,1.07200531822321,1.42023148509825,1.34783351064358,1.63276790588337,2.26105458052033,2.53398963065674,4.05557513247781,4.45262288709842,4.63393405516158,3.91944753320123,1.86258996542727,1.27768198874674,1.31140444150361,1.27525070782811,0.996176598847792,1.27526873435664,2.69397795859196,3.64887165680243,5.34155365060568,24.8499126944048,18.9216366452095,25.2620418537514,14.5844587414689,15.8252221207923,26.1588008530392,30.0443993289013,25.0151071596125,23.7968258290939,31.213433594874,28.2865257716441,26.9674823342535,4.11465700865219,4.12443796240738,3.25531219259603,1.5580565554193,1.23206676188717,1.05958135302494,1.28966270204944,1.06047592872366,1.34967429021048,2.32320874020711,3.07725060148955,4.68053440312648,2.13278998109244,1.44023066479508,0.763875478809496,1.35680490131407,2.71134059389298,1.7286796502919,0.82551969002604,1.58917313857484,41.0422540888004,33.3270593520861,44.5329659631072,49.6279130995923,2.40730688462888,1.53908466602569,0.740774679937686,1.42939582124515
"CNRM-CM6-1","r10i1p1f2",5.02742478809977,4.56455106629136,2.51129860623048,1.85641169135946,2.03278021495164,1.53189837903112,1.19404653445198,1.10684391323974,1.77518009447382,1.97422762432392,2.19405937743812,3.3495993927564,5.31565568884017,4.948697727221,2.79354963088718,1.33363215042368,1.27190688591452,1.19731980383007,0.826187755232763,0.755736681016928,1.12650920480294,1.48218927855766,2.62435323176158,3.66432945364191,37.3679277320606,37.003566308401,23.2547471361831,16.4383767411827,17.2363235805874,21.5165963744322,23.6402999475302,23.8890336982156,28.0594403971693,30.8994074265243,37.833649955635,38.2268973127681,5.16613197084917,4.75398925041943,2.62425687346552,1.53970067250734,1.62914899158475,1.35792691896191,0.977946476216786,0.86548770385098,1.37372720610084,1.68291277322945,2.40504498488289,3.49783019770172,2.57140777222021,1.51235904634365,0.86322703823515,1.25464195561188,2.83250630255662,1.37272277466791,0.681116392571699,1.16485409278212,47.5763758627103,37.5242035301845,41.2179399620195,52.3898166159939,2.68555951061552,1.41498141817944,0.747839800903972,1.19059533065577
"CNRM-CM6-1","r1i1p1f2",3.84244294897035,4.20334294984635,1.67087629290947,1.82692505933161,1.54662777398583,1.47018256744161,1.35079372154334,1.24929865382013,2.35080079288231,2.18596358194943,2.51858380202369,3.21085801545355,4.26763279291605,4.66286873368597,2.31702593757651,1.36686990358751,0.987368498446319,0.890692614392492,1.03788024468088,0.788575027953995,1.31282357806616,1.89339141079777,2.93277946704127,3.54137449775272,45.5492545076964,32.6135723809624,31.8947242781876,13.1573889908854,18.6106967758534,30.6364498183335,29.9512293225342,22.360690312787,36.7213489848122,41.7205923685919,33.3136451626505,35.4708151039405,4.04923861155815,4.4230651981546,1.95401149421907,1.53514011491257,1.23966995978583,1.14528518759283,1.13827859547632,0.978205018118014,1.75656404420087,1.9609550804611,2.72301599186527,3.36775787482537,2.24458479891944,1.02690809222883,1.03388565142857,1.4666248687879,2.50182691868052,0.949918326797734,0.687290197872743,1.43591454296997,62.6195724240809,41.092247779675,58.2356987525298,64.5804162337124,2.37776094812678,0.934676783522075,0.832397175314323,1.42706192827306
"CNRM-CM6-1","r2i1p1f2",2.95467873664492,3.26614293244684,2.1013104832762,2.02980379551223,1.48021433676296,1.54588441375468,1.15815945937221,0.933101366904764,2.37590636063014,2.20371681848915,2.59079937071753,3.09572378404896,3.39804034127312,3.806376984368,2.2522147465035,1.47469459140903,0.828348308104888,1.1312489283668,0.720480363384727,0.710868014003537,1.09189806269191,2.0301067295424,3.08639766956765,3.46128173721352,29.4641182519996,26.8984999368101,24.793910310916,18.7422762635767,17.1655375144771,22.6824356068186,32.2587329350474,22.4038433176609,34.4570465575804,35.2963853119828,36.7587395191196,46.8316790316079,3.1688298721485,3.52429988156122,2.13740631306414,1.70239857834181,1.12785525279815,1.30964591160859,0.889168538385818,0.739283592327774,1.71014888106337,2.08391761921583,2.83100445193867,3.27470451417718,1.84378733159167,1.45333939680271,0.74216985384346,1.35288537968843,2.1704096758261,1.20097661408797,0.578781915532203,1.23262638950006,68.9789469797617,34.7046429369229,43.0554228498758,60.6922613370675,2.00201335441709,1.29838095466942,0.63489523074519,1.25745592459491
"CNRM-CM6-1","r3i1p1f2",4.41042260857244,3.5491119174096,2.34945824031595,1.87886307025861,1.6729799965826,1.70454429815356,1.22500762371543,1.33011104885977,1.88399489957091,2.07472197278764,2.04000225377383,4.11397394366996,4.93662828766504,4.18336058057711,2.60459584969144,1.50380742836614,1.19906572826082,1.20055542701424,0.823233043359024,0.829658564310243,1.11316056199526,1.46233948917794,2.33356320706753,4.54145148704634,40.2716010431012,38.9181894653948,30.0360235824198,16.8283818824511,16.3696877844667,30.0562048215649,24.9506236533209,21.1092682700408,33.6199395200725,35.7673049508665,40.5972933812718,41.8482536473547,4.66141412118634,3.84669585040425,2.42146768451004,1.63861449745337,1.40121457987368,1.43062159948728,0.995536013423416,1.03346866003008,1.43482547298654,1.71619734684952,2.17165650000708,4.31738133701384,2.7729087594989,1.3629582430925,0.885963336985656,1.42246346134113,3.11336754516141,1.33118649003976,0.575645564641954,1.25535633994093,69.2753693104804,35.1804656154455,42.5102428495349,74.9111584156353,2.92834934477727,1.32876660465831,0.722988688485623,1.32101058493762
"CNRM-CM6-1","r4i1p1f2",4.09993551953781,4.1191799764226,2.11094847125075,1.72201432436938,1.00287517702337,1.1227275900143,1.13462232310666,1.58168032284598,1.63684585951643,2.62611990341767,1.92114967973712,3.46102270447906,4.37520311515369,4.53001357486992,2.47315704053067,1.18343451081135,0.823505263820596,0.744049188832498,0.873123603842095,0.936611648075308,0.984337107006479,1.99359895204858,2.28393942790627,3.87070340217204,35.9431697026829,30.0191540386368,20.9631301953264,17.9459789624177,16.250122545957,32.2646356347577,24.2033055593652,25.6489662806197,24.5451018125512,37.3839490112824,34.4182262595064,35.355742189171,4.22962322715371,4.3249397045827,2.25747544888064,1.42211191502307,0.866993749066013,0.873913118067829,0.968373443686258,1.21078012279155,1.24522536389866,2.26477270433455,2.09483491791915,3.65920191034734,2.14532102466055,0.945625135321457,0.710261405658379,1.50389914677752,2.43366239311827,0.9944443374216,0.520929761188545,1.23077865270487,53.4012639223619,33.2544472870595,47.526871890796,59.4647249824749,2.29417302857859,0.947040156208418,0.587181070195048,1.36920146204938
"CNRM-CM6-1","r5i1p1f2",3.35470847697937,4.84680722021054,2.07429810868114,1.5275590926734,1.20737199173941,1.40729217448539,1.14257221407131,1.22575803428764,1.96937763668172,1.67923080365804,2.84771333957051,4.38765378615114,3.60071672303449,5.310398603997,2.45071887178145,0.96337529240841,0.797813102879639,1.07573017169681,0.752436654835628,0.79165184499132,1.04376088334886,1.14106221938409,3.3588260811894,4.80713191428936,33.9046989250075,32.8356249273227,27.6912609144922,19.1835001540626,17.5074040166525,22.9258878417682,22.9254373602974,27.9021689924414,29.6551017106882,38.9882624541721,37.5323982652352,39.8223728488189,3.479663413502,5.04870075468381,2.22923109263437,1.18622360319697,0.960244221808828,1.21617924420004,0.900166012785815,0.953613816146152,1.45613644049359,1.34285679348771,3.09267581200502,4.59337478919617,2.75930192737888,0.999908041748852,0.851644791315436,1.16884853447815,2.95017046068976,0.980124317707157,0.589262153084237,1.1813930993418,62.6603514487284,35.4848518757466,49.5586267238976,63.1779457373078,2.84519356754187,0.957180966327084,0.699227817116771,1.14474812769538
"CNRM-CM6-1","r6i1p1f2",4.93086572333999,3.88737419872586,2.54803282246674,1.73612396930104,1.18185515575954,1.2549488243447,1.23112881572951,1.16125180177532,1.60784356189905,1.76516744020334,2.60235083819562,3.56770475815745,5.50465215997331,4.54998926359729,2.968859450493,1.47949976013174,0.783273414191565,0.940683292862834,0.852312607914019,0.7553639603818,1.03781379411933,1.39839398851913,2.98769314770235,3.79319566241096,40.6479497157231,24.9727449133199,26.6358424580165,21.3067891613874,13.0529954284514,23.157907713245,23.1973643469183,16.564164338411,28.1571909518483,34.6973384980833,34.9287025863804,40.224647902133,5.21178593609505,4.20327732012593,2.71081486667373,1.52891291859402,0.948222778033522,1.06004228933209,1.00467871000874,0.925848476965238,1.27234510607992,1.52670104865164,2.78520103898914,3.66822328504762,2.78856655797846,1.15637165405368,0.917542945845732,1.18726963887834,3.09929357913302,1.32570085563097,0.589564421328621,1.18341508540656,65.783902670598,39.1066393516409,32.2387423102566,59.0899544139584,2.9338315930012,1.20632909483999,0.736105002504835,1.15934979795702
"CNRM-CM6-1","r7i1p1f2",3.978210768617,3.51673339807035,2.67177886413726,2.15840777841701,1.35135521590003,1.72864972885124,1.09943036452373,1.51281499047382,1.71740247594087,2.10887833126806,2.86461768526947,3.47972782658737,4.55026713880435,3.8647374299296,3.10646526405521,1.72220454817281,0.889401193364738,1.11543507309877,0.756739831391075,0.901722489614106,1.37588425067822,1.98319375535129,3.34327253815297,3.74662453447084,48.2728361777478,35.7981692205094,26.475722125543,22.0344307376214,14.1373724167744,29.3497304614697,25.8760271604664,20.5563394590093,29.2269299924164,33.3784767873502,44.7157408834811,31.6967745558027,4.25346917233451,3.69234062761615,2.86707227817435,1.8792759672064,1.08852425672158,1.40022986618659,0.885002759915172,1.16710172512151,1.49098440057521,2.01094990992563,3.08716289052646,3.61538220742249,2.42591610850772,1.34028646792093,0.889556262879188,1.53347325698398,2.77472997547178,1.22669540196228,0.573645330772631,1.59640400498321,75.7330081090232,31.6289086449243,50.0066335829443,68.969072195733,2.60229783518115,1.26538350008954,0.706130787924711,1.54527087236041
"CNRM-CM6-1","r8i1p1f2",4.42827383925185,3.6871959255108,2.03989237940148,1.435145873478,1.85455326590852,1.48454102973462,1.42256042434743,1.47615530441706,2.20178610881382,2.05551962275728,2.23052233457939,2.59108994950711,4.84324864850695,4.31525628226287,2.35718758976313,1.10995495404093,1.10295319353381,1.18261350941196,1.08108608650596,0.83877990208274,1.30740156439202,1.44351104530968,2.55036846560352,2.91434028732831,52.2319094789391,33.36230252673,31.5388838642445,18.6217833757123,21.9331838027254,33.8338536849176,31.492060667055,28.327329113643,28.2270394944402,38.8101220651603,30.0453299295367,45.2694437808759,4.6363580633892,3.9905866246951,2.15593540516973,1.22297921524429,1.45397196766603,1.29206686421764,1.20212455605726,1.07716101956438,1.69941166289984,1.67066990486885,2.37541043035592,2.75054017683215,2.14323045461966,1.11435770892846,0.968498066981616,1.42138430177533,2.39837349099319,1.02475676957101,0.738287860876258,1.266404994145,69.1270029744519,39.5466091953605,60.1009695448408,65.7749912296791,2.26544253625147,1.03861645371669,0.821576841048435,1.32022290002375
"CNRM-CM6-1","r9i1p1f2",4.83376652834771,3.41402785678391,2.46326808430841,1.93722161515065,1.46157292062314,1.72781171813752,0.995761130937063,1.62806210167074,1.68132405404569,1.87018039574894,2.48394615596778,3.57639129747343,5.34430731616878,3.80486832735454,2.48832907976325,2.05376021835139,0.994704368950492,1.19643147562327,0.836694371478838,0.949294959188255,0.976246624201266,1.58804441294041,3.03830147649455,4.18605237458379,41.6127275236078,34.1226482916667,20.0546655219029,18.8856437600068,23.7010073019363,25.339715771932,20.0237778194056,21.3149712643484,30.3634612916445,34.1474357429089,36.0476657621066,33.5322628996674,5.07660964790887,3.60543013200667,2.45672663255936,1.92917408330046,1.16846003379436,1.43073407731835,0.880079672464407,1.24221252369431,1.21929412404044,1.70064558397652,2.73936816274018,3.88535268891273,2.70373092587636,1.36787863278252,1.02162817988299,1.40975664322019,3.09662218643432,1.40371019047757,0.608408513698017,1.31304682095613,78.5603169691852,31.3152131513206,43.7880056269021,47.9430835926082,2.88929057036498,1.37514889475963,0.791477593876918,1.3484942645815
"CNRM-ESM2-1","r10i1p1f2",3.03717200584745,2.95670871693199,2.33405571740565,1.81994379097236,1.77013539322415,1.38979862925715,1.6023545893107,1.45131331725013,2.08188961470489,2.41299403851005,2.02827427921476,3.70759549678981,3.28986776102892,3.21758994551376,2.60936421551216,1.38441655414918,1.00995049383621,0.986250300467591,1.142738191675,0.920993965809479,1.32475979171589,1.49944434152566,2.35473599564694,4.11722482139184,48.4832621906125,33.8412310582849,24.104810413224,22.7550790086445,20.1751765079376,21.9620895934414,24.6111497020186,19.3688187025186,38.06740618683,36.8777416280635,31.0931653427965,42.7408787069672,3.15448230628889,3.07332610266684,2.44000188430302,1.55601908802522,1.35366679544984,1.1640249236973,1.34179498922281,1.15165548009272,1.61191326311812,1.90561481314875,2.17637524232433,3.90508804557313,1.92240570072004,1.39730857879275,1.05893027784332,1.15141092857276,2.0612154655451,1.28624911335604,0.773081607861546,1.07906409000802,75.1421901938348,41.9525506464998,36.2819009057317,60.4913353726996,1.98971204524386,1.33461432717428,0.897307594718907,1.06607023555038
"CNRM-ESM2-1","r11i1p1f2",2.89525176083544,3.25979514200143,2.42412444200887,1.64587956431505,1.67032586813086,1.11035357317895,1.68950785189332,1.63583786398328,1.99280314326732,1.8359782384206,1.8677665068573,3.24414414975164,3.17183003124796,3.70318440165267,2.60668680357922,1.28546248218431,1.090692071761,0.804791684333538,1.15936962657924,0.956676478783435,1.24911002800753,1.41191970075472,2.13972014498405,3.59604667991642,39.0410790139657,32.0206499463784,24.7218245523141,18.0963462369186,16.7391014466542,25.3898649342471,23.4500890864176,24.3792836495326,38.8772101785142,44.8749890660506,32.5273623100702,46.1254491302932,3.02671818782419,3.46385108915151,2.48180736885278,1.39326788605022,1.34919729221983,0.92456264901521,1.40016829858693,1.25048955930509,1.55783522065482,1.57865066782822,1.98632103758879,3.40435150879023,1.81442495877743,1.34726628280441,0.870862962153389,1.1671952825411,1.97391320309008,1.1876810206855,0.64054574432644,1.07654726927734,72.3866933856655,29.2075891570635,42.1283873770229,67.867709468537,1.87919339507459,1.24692264874531,0.740774679937686,1.11006368254724
"CNRM-ESM2-1","r1i1p1f2",4.37014426758891,2.66346934758357,2.57359715162466,2.18939187483858,1.56918603982645,1.59368365311529,1.38298361456704,1.30736200124482,2.23034454325093,2.04873103421965,2.48005608019648,3.34558381070969,4.89769004900187,3.09014934728174,3.24266812235297,1.37648561332044,0.898248615202185,1.18232189249428,0.916019625348163,0.89968704648294,1.21353004594604,1.65404415568797,2.80882230812501,3.74047295552775,45.9358749693026,34.540777334197,29.4093979818556,16.6442644844969,18.3946334627762,26.4150818988724,28.174076288543,23.6239611460459,34.8145994280177,41.364005258612,30.6607907914004,32.173996068075,4.61870883087122,2.84541373271882,2.88433143312137,1.75292530543568,1.20794306023985,1.35223952173346,1.12770747001651,1.04234483671225,1.66499111177773,1.79028027087265,2.63129704479199,3.52916257853717,2.14825243063918,1.5581487689585,0.929101654856707,1.48720597403164,2.51346031570437,1.43250042627022,0.709905287514736,1.26837754994142,58.7908367244303,38.5571175056542,44.4931725357818,63.4463796599461,2.3287903228535,1.47889365296549,0.78979846112499,1.35018517248561
"CNRM-ESM2-1","r2i1p1f2",3.48603948118317,4.0729045807799,2.42237890104539,1.99982757877463,1.72825072680808,1.69830544346721,1.07661132913554,1.08615106588864,1.7285333627694,1.76115166082135,2.31768810691161,3.79961431799561,3.83050220290196,4.46277193382469,2.39391229830043,1.56044865343272,1.25647289582029,1.14741087851647,0.88994381845148,0.710512199900112,1.23146487855985,1.3167750573747,2.56761663267977,4.2004501674458,30.0466933556622,33.0417951976744,24.0803064955482,18.9509603068479,17.802137608958,23.0010357088145,35.0110788705256,19.7127606142438,30.6088006651832,37.4223769802317,34.9799497577894,36.5554890763233,3.64423809106483,4.25617198900608,2.37935565507415,1.72234803643767,1.47103841655767,1.39839398851913,0.916019625348163,0.852723830460063,1.38329940409852,1.50754424650569,2.44799002702499,3.99290174782903,2.59196149041919,1.60080439549736,0.710099555914764,1.28816451437383,2.89418958144302,1.26561965196827,0.621538691335935,1.12046788256606,70.3262345385264,38.2864984755363,40.2387508375386,57.6347759802955,2.72645827267605,1.40162467306263,0.65520901289185,1.17324581700786
"CNRM-ESM2-1","r3i1p1f2",4.10432348437204,4.34567958258346,2.17140242832763,1.56681094958011,1.4574619728483,1.58616504192656,1.25195938386618,1.0568278277332,1.76128545011353,1.63952964940082,2.23216816406015,2.96442702494207,4.58879695249903,4.7809535912179,2.50433187914852,1.19495587375848,0.857294595217132,1.31933455884431,0.886268167299162,0.808034368223212,1.12149325741922,1.49884629962016,2.46483311785009,3.22130836558795,41.1681949551115,29.8113023386506,27.0731595037824,22.3504699222886,18.4440390021449,28.4009713287027,18.8721347829112,14.3896370757714,29.6181252753713,40.6959028127787,32.1107236715812,35.0498182394815,4.34594407293254,4.54914921943539,2.29191733216346,1.2855921306685,1.14588719831595,1.41755820493122,1.04067285925982,0.916740853842267,1.37423332857972,1.53503528732513,2.34321961431692,3.08519639271298,2.84916604051726,1.20565716329407,0.842280702384422,1.19377696755963,3.15070690845539,1.04343046075758,0.678783563764461,1.08554239845829,58.2847355857333,41.3988749916554,39.0673313563948,59.7651650547624,2.98783741421669,1.08331653391042,0.751733628538635,1.12333657354831
"CNRM-ESM2-1","r4i1p1f2",3.41433926897697,3.15169904917201,1.90898962263034,1.75624992330347,1.59346366032665,1.82560334854176,1.56556331898366,1.48364261272682,2.31628170124884,2.14250900291836,2.03307139824081,3.19621903066014,3.84756827219419,3.58624607626697,2.24587489032415,1.20765755974498,1.1331169502697,1.33666680998652,1.0402033399801,0.797121257306926,1.3073795850136,1.2957090988974,2.59866455535615,3.47421371241612,32.2792486986876,35.4760273599142,27.7210853812156,16.9463958803438,16.6290273835886,21.5271397804362,26.3835069083245,29.9881319436751,31.1352658830657,28.9795330075095,34.4556554922744,37.6688657683751,3.62663993820441,3.34990821627567,2.04128649990947,1.44335178242038,1.34330609481526,1.54525599560527,1.2777539561331,1.08233464134808,1.7724617597159,1.69399208835292,2.3055156253755,3.32994080234566,1.92428222175582,1.13820285851268,0.78333211053952,1.53962601818171,2.13195717107787,1.04046850631995,0.651514592597753,1.30857472698045,56.6560553621182,39.3013528181071,38.401824220319,54.0402605343524,2.02100748745961,1.04999178978728,0.691666320454144,1.40653646507519
"CNRM-ESM2-1","r5i1p1f2",3.56905763665888,3.63093984223521,2.30914225006483,2.32133780294948,1.51605962336882,1.52586888757487,1.21761496660338,1.25343206996749,1.97367735429339,2.21806584481932,2.22799327265333,3.67839451485244,4.11204566368491,4.19036250592171,2.82921742967341,2.00492497064879,0.982373386887271,1.12390943309197,0.879158427264327,0.837271155902165,1.0895585945852,1.95454377779326,2.53999049685977,4.06428373749306,33.9655680961169,32.7076294308913,27.0774158345264,15.6387655684759,17.8796837766786,21.6871085707828,29.6508719415897,28.5968642280611,26.156669662174,44.6308574506653,29.6018073772532,34.719209463165,3.8310422938766,3.89003442350989,2.54142913908012,2.10866030357241,1.19437859570785,1.31094420653347,1.00452424834707,0.988933013781584,1.47703103882592,2.04415623489098,2.37497489399918,3.86099862015355,1.77991346812787,1.27974494585319,0.958692836117486,1.26255078422954,2.11707888103059,1.24946425300616,0.696864900576268,1.15643626179146,57.104320347053,38.4424185013103,46.4017812034255,65.2365337317468,1.94593888930756,1.24163407347487,0.803326417674244,1.1773533537304
"CNRM-ESM2-1","r7i1p1f2",3.46583323314899,3.77079521476891,2.52066402490232,2.25900242452791,1.51642728943327,1.48601140138879,1.26806939873179,1.56190643898344,1.88246597868847,2.5142559055555,2.80992493866287,3.6015641557268,3.98835229424239,4.23576588631598,2.71234724661259,1.74943012067543,0.890072966142367,1.08237711999333,0.734260124911113,1.07181766334031,0.933938637872074,1.84885488013962,3.27318608185309,3.92359353232423,38.0022535629411,34.7252665638586,25.1207557174559,20.5281150071585,16.5012643193766,27.1058226344388,26.9204951193559,26.8192382485015,29.0646287380066,46.7879363565625,37.9524937469094,45.88126718129,3.71109086419328,3.98085793329245,2.57957494493797,1.9449462953907,1.15780211915786,1.2342106230579,0.963953783410659,1.2643884533321,1.35858699415593,2.13454347860824,3.02598896154667,3.75294673495405,2.37907545067406,1.52688172956911,0.960148455954215,1.76674257047959,2.60632299230734,1.35949618795253,0.653373210136548,1.54996848317976,60.2121647311338,38.3670620229887,59.2358427724762,65.7998453165215,2.49616026968503,1.40386985675761,0.77921268841896,1.64158950165808
"CNRM-ESM2-1","r8i1p1f2",4.54674444602633,4.01512084529206,2.31406494112074,1.5766835555947,1.75253183026499,1.54034255034839,1.29240042191834,1.50331434603296,2.28743695346822,2.08887584572434,2.68981903420688,3.68202998732849,5.00892192498293,4.36096187850194,2.42491853163307,1.24560837741445,1.1188510116217,1.09227170212561,0.981091346351122,0.797272649826218,1.14480335107986,1.53738470271365,3.05782583718804,4.12351819431545,34.1173446636246,31.2413158508401,29.3795348663916,22.5910164222088,15.9987068442939,28.4855157789955,27.0810874754057,25.1280044809651,38.1445208550896,35.6272414499542,33.1507266611295,41.4054165205638,4.76991168380132,4.17793327337592,2.33139492554363,1.32952761466655,1.41658485226906,1.28678517708047,1.10538909777113,1.113222514961,1.63427723136728,1.77661695817977,2.87523112514255,3.88746290221424,2.82341604460263,1.05604445221661,0.923387068439297,1.48145625776739,3.17988650126377,0.917167052558502,0.590577352423374,1.24105998447193,53.6770830185407,42.6511748096542,52.32119952314,66.1986777136408,3.00045207321799,0.940707730638352,0.735284759913409,1.31387380208911
"CNRM-ESM2-1","r9i1p1f2",3.76500064874596,3.16821317348497,2.95305024459904,1.85251925393689,1.66533279957291,1.60333345281621,0.950190543504574,1.29432448098186,1.97422762432392,2.46982944173568,3.38088779743584,3.95585409351702,4.30840397683251,3.6730472175115,3.11101306632592,1.39261186842995,1.05625667378698,1.21985961129319,0.65411166398828,0.802982944523358,1.15798080304895,1.77562033841891,3.85475374528408,4.49883893067288,45.5463110281817,41.2187158973916,23.5511936881749,21.2314882180695,18.925256493198,19.5266246178267,25.3814641842808,24.7465441683452,37.5873726962513,34.5617636376839,44.3021475310404,45.7967378248964,4.03498493780037,3.39887743469693,3.00571103910118,1.52963446914464,1.32682751869556,1.38731527713095,0.734698311686778,0.991805505590456,1.50011493812514,2.08768694530794,3.599145811816,4.22765933446344,2.37856568390357,1.46902501093706,0.670297583596057,1.90543385110046,2.76135274195769,1.41601675423558,0.488723413305157,1.82392780659711,76.8567397713165,37.6499112361763,41.8168806314762,68.8640193491459,2.56115993836485,1.40900633446934,0.55108044346757,1.83550237415189
"GFDL-ESM4","r1i1p1f1",3.68257156526976,3.75031033198679,1.75650187889871,1.61440711867471,1.59281793231908,1.77673664437031,1.04179332563294,1.40697768528735,1.93468046605819,1.9499749482623,1.89337926931486,3.13750761321602,4.86456103086275,5.10081016778865,2.18905322525253,1.91971322091991,1.39839398851913,1.12149325741922,0.76279130482239,0.916264279498583,1.23692704140023,2.56094675381236,2.29339130506787,3.70145202946584,33.8140093731142,26.6049690717795,21.9068668707315,26.5165029940692,21.6926093140169,30.6199912160171,28.5470058014827,31.3851068348426,29.455318977936,37.4062550857504,30.5978642857729,26.7345649958484,4.26666980962528,4.37569567539587,1.89222243595367,1.55143611630918,1.31462157484862,1.39262837580722,0.822730245871187,1.07076618824329,1.51167487229901,2.1835434662414,2.0498500085302,3.39979039245711,2.04445985334856,1.22887201806437,0.789470941717358,1.23883983546342,2.62127677936211,1.35523251599635,0.654287363490224,1.23718256116677,52.2490257292437,34.9501845817565,47.693955977478,58.6911594314024,2.32118925127399,1.26456571074089,0.679756548712288,1.18859039472679
"GFDL-ESM4","r2i1p1f1",3.91566262503595,2.93310278613331,1.97399472451519,1.51733659575837,1.31891630890101,1.24383537366551,1.14367827643966,1.45619564177566,1.65307446063805,1.73948069936067,1.87351780496403,2.57660562595911,5.06390880780777,3.93938118718296,2.6126658777015,1.56529898726736,1.06818677603954,1.01177549642814,0.72568635763336,0.829824798016002,1.53728002818532,1.6041934988053,2.50490323762916,3.30660085214443,32.6998100103448,28.5302710785596,25.5696983021773,22.3375473807781,19.2760097459028,31.9609965246795,29.6817223839548,29.1106450490609,33.4627652051114,37.3762394558638,25.6974986483434,31.4661693901872,4.47280929489574,3.39611678176742,2.22458829976431,1.3140312632961,1.07444719814852,1.02979185487545,0.893147604642234,1.05787142603579,1.51702976580713,1.5948372164978,2.15395919875123,2.92092136306259,1.87435506149495,0.991666425190737,0.750815648432446,1.2565963881687,2.36318507065378,1.18290505443848,0.5975140069536,1.31619444463649,47.2599596022806,30.7819106455156,55.5054646786729,55.3142242311944,2.10535442179679,1.01895258369371,0.623385270440599,1.25930559226609
"GFDL-ESM4","r3i1p1f1",4.09353850247733,3.00272098825937,2.56618371333284,1.33072014035785,1.45023184828947,1.2771601039159,1.11562054274843,1.16492809703619,1.39084031492087,1.38113729581279,1.47299444794546,3.80149547100769,5.11689111791952,3.85313874145735,2.9588849251027,1.30560683032921,1.21470397510111,1.00433542961125,0.768226798408584,0.857663224638058,1.22746819140845,1.61746573450532,1.93527746087601,4.51263997458582,33.0220901334487,28.8777494585901,25.4208261529568,19.9953284774104,16.1744072001376,28.4867301230494,27.9478169319961,30.0659543203837,33.1529525739084,33.5742356406006,29.6883670472297,34.4974296893611,4.5820100493074,3.38163396538745,2.62831837326918,1.09389633668017,1.19623931792394,1.07245555597434,0.870961946725388,0.855952786322816,1.20308033765438,1.47168290562629,1.68272152305066,4.1296308036812,2.69091489804225,1.27698009417514,0.768944641745403,0.869297510015725,3.39984617637159,1.44548842320137,0.639153535059699,0.961566011983732,59.3438750482906,33.9378757996593,46.1721361961902,54.8645374651456,3.03468266060468,1.3224672170719,0.657625474238807,0.883150056892092
"GISS-E2-1-G","r10i1p1f1",4.55322167110354,3.42607479570238,2.57915828736128,2.25276586066739,2.41770528612871,2.9860768865543,1.77998127330973,2.45183721872526,1.39441002231941,1.69616199616705,2.08832551300698,3.97391060760573,5.11960397175272,3.94913783694269,2.57977322357169,2.03876230202001,1.53787433532925,1.93399413994286,1.30174507100471,1.60762908171251,1.20375370757716,1.82865128366274,2.46773431383489,4.34508045241179,25.1301293729032,16.4265834450795,15.7487051100615,19.334701398287,18.3432019416258,13.5449736192001,19.6800210844668,21.1859257120349,25.4893940080291,26.8989543872329,19.8269049758035,26.7021177428687,4.83061239305681,3.66512768120569,2.5418542421834,2.10019429861954,1.95635128359597,2.44109688930786,1.50395646794422,2.00815578458754,1.26979046149038,1.73145344565852,2.23648174030387,4.14249217009644,2.74717200462376,1.60294628157315,1.4753920188192,1.07900017576938,3.15674974705269,1.47786736685773,1.00025858725597,1.08481684454423,37.3972701689836,32.3330982335332,39.1058592781831,45.6072676452883,2.93277946704127,1.51580182491439,1.21983605455815,1.06891824144625
"GISS-E2-1-G","r1i1p1f1",3.7886839980106,3.0482782025268,2.17312741426284,2.29826521283027,1.8971272898841,2.86898796686619,2.16708926029109,1.6721140861919,2.20539828810929,1.54528946810295,2.43740959160363,3.69558450418688,4.27226285299225,3.37862789261878,2.40894883357007,1.99398232621089,1.15571543250038,1.84636642233259,1.61276873373269,1.03889862105385,1.39342049994077,1.71089813074686,2.76329804616766,4.01915528381304,21.1987228524436,19.9420666679386,18.9242315624673,14.8215473000566,13.3869468075281,16.4002228748523,19.8659634990887,18.3052269402303,22.9587748982298,22.2227428291508,25.5500689429306,25.0955241693282,3.99894238891798,3.19972879597882,2.27739768812675,2.11030313233545,1.50625134139302,2.34151930243553,1.85515745838522,1.32313195143929,1.74732965394062,1.59099838531312,2.58143014803721,3.82310579647418,2.06572744694393,1.3994415963552,1.46452298930638,1.18049765465404,2.35356418391683,1.28635634397245,1.07737975033726,1.09573887316318,42.9928811268355,26.16296935589,31.5515525967323,35.8358744354275,2.19474031663686,1.3195436341019,1.25306062085608,1.10499908982123
"GISS-E2-1-G","r2i1p1f1",3.83922435892472,3.15402315606045,1.98315028615364,2.10499133151354,2.3092617121436,2.87293354020534,2.87274949398175,2.49168732932654,1.77354764930853,1.96142101900462,2.50686643248994,2.90711374817491,4.58736896521181,3.83828266196009,2.36613074715741,1.5692483009024,1.37650231408801,1.85461214459966,1.87588752940801,1.67696016717716,1.00246248532439,1.94385563060729,2.61645763862376,3.33345976771709,27.3197980925206,21.420041104525,18.5357994720747,14.8132497385311,15.3213696455667,17.7091235658703,22.7899052566963,20.3612365543694,25.5949817728793,25.9065520048811,29.4446351689045,22.6519451855609,4.19570798760369,3.49946629756826,2.14391413449605,1.77549086623727,1.8249862225901,2.35173939051918,2.33977354243633,2.05551962275728,1.3348597584438,1.92187647766507,2.54241264726352,3.06487141355216,2.16876732826229,1.50346725707727,1.78884153098828,1.17927018147647,2.6632362993559,1.30983898282176,1.2189122718378,1.09005957867333,36.359437422149,29.3679082415272,31.3366987676617,50.5174575492609,2.40813754523732,1.38532539021762,1.48805203221349,1.10257796137939
"GISS-E2-1-G","r3i1p1f1",2.91362238498726,3.49506055396213,2.45507684174051,1.96866545613035,2.44339127434397,2.9009728847683,2.78201118022494,2.21773416522049,2.15961096964937,1.44859821262115,2.52009167868265,3.1776952538651,3.066009424823,3.77210572614228,2.58554780873694,1.71844623752516,1.41778927798937,1.91882387348898,1.94184412883466,1.38574018562967,1.65190242120877,1.57430882480601,2.88622571026154,3.50754359473486,24.8771651284383,18.0926911006729,19.781917029937,14.6401121941559,13.8846081985624,17.7460453745836,19.2334407056904,19.6710245512671,20.4193214788144,20.2645594034534,16.9992034972298,21.2896380818269,2.96144574820141,3.60322492845749,2.4778118823143,1.80446763569643,1.91954257003092,2.39242098321335,2.33591646835379,1.77781992287209,1.86336736341347,1.47776236560396,2.678230673454,3.32102324627499,1.78551322349188,1.57886908456873,1.83240624417135,1.65800045755162,1.96948269069965,1.28210046766835,1.29446656123707,1.62927598333894,34.9773319040552,26.7535959555295,27.9391407564173,33.1688021607897,1.84885488013962,1.4047538337137,1.55066170525293,1.63717235907932
"GISS-E2-1-G","r4i1p1f1",4.07033704724325,2.82103958990584,2.28195318637951,2.46337773901151,2.06950768758309,2.77121700308022,2.70550949161067,2.23853400303829,2.68306952369213,1.86712638017362,2.02479174464818,3.88460563243429,4.59683174251196,3.26960224653928,2.42777036919006,2.28275896794802,1.20651488217906,1.80880668099037,1.72414896548193,1.6250941617281,1.68166584076623,2.2463661588308,2.34953896186748,4.32195677266994,24.9361716222121,15.7476303636123,17.7711066027149,14.2199394570061,14.9759715590652,12.6637163835771,24.8619905621542,16.2970630595766,24.2243263787819,22.541898664538,22.6628261621355,23.6906936478703,4.31776469414708,3.02378312182208,2.32298856262121,2.35187379440896,1.61659497411839,2.28149980918481,2.19839021564186,1.91324482153394,2.12559660320114,2.02724262082222,2.16487370553562,4.08008902314418,2.46569334633505,1.69571467996891,1.69695128927171,1.42748472625039,2.91200645761568,1.43357121789662,1.22307789622325,1.38775018454787,44.5480012323011,30.5971272410058,28.310008993206,36.9478857902291,2.6782242358457,1.54965698837168,1.44448614734966,1.38904167741979
"GISS-E2-1-G","r5i1p1f1",4.3304322738222,3.26295825160607,2.6284058365061,2.34104063706033,2.18817091517619,3.00865418418269,1.91551739656724,2.06687058689907,2.01370020254931,1.546505144162,2.16763020131552,4.68574384727749,4.55454932350391,3.52541511373312,2.91485296646194,1.99352111520837,1.30500363323579,1.87365277269927,1.41717299944108,1.22202488828428,1.46483689414104,1.61884022626105,2.46997836092713,5.14981977142511,24.8013060464403,19.5886373350389,18.8403809415571,18.24969343153,17.3111820217022,15.1240069494462,15.9741490158822,13.9579153994732,25.6279815198468,18.3280104080405,28.1956728154737,25.4252858571844,4.41978961375822,3.36748482149341,2.74381226528464,2.13599690042394,1.71022953356304,2.42751469330402,1.6418415508693,1.63326061297181,1.71717490523604,1.5205904781692,2.29562302163732,4.90639859025302,2.60231771143809,1.68451022930812,1.7177939608562,1.21725619475859,2.75723499680136,1.54272486205415,1.15613804210993,1.25014481919717,41.6136493964655,38.2751286250532,27.203360382349,42.8321483355024,2.65841539526709,1.58755577329848,1.42570813217885,1.21742615249616
"GISS-E2-1-G","r6i1p1f1",3.54264009611119,3.31413725532399,2.47961806476853,1.95105630099574,2.82045280460222,2.88544504426064,2.10053085791603,2.06036488231475,2.22330653622549,1.7194091473794,2.30377251830383,3.41900704816505,4.06029838663438,4.03547487555856,2.70295921274205,1.57881448321638,1.86698170576339,1.92974597816134,1.48620089605957,1.2962368167343,1.6608265495187,1.92173293442777,2.725705645217,3.74244987067065,22.5141041362403,19.6567744457018,17.5988975621287,14.9675668520727,15.4351312227033,11.1277580850772,20.17096467926,19.5334317011371,21.5339667534324,27.7219256351275,23.344078970662,28.563624484266,3.77373865659453,3.64724585116641,2.59167766194955,1.73581608221158,2.33538743739848,2.39996408019097,1.75211202602007,1.65699145732716,1.89598486826495,1.78663299848188,2.48531549374486,3.55980271957574,2.30042724667427,1.79493540369794,1.60612691844727,1.31667030408344,2.63186486045127,1.52799169522928,1.17046508096018,1.41481894377979,44.3617786196502,29.6139662997039,30.6549054783253,42.5734302766084,2.45094633377283,1.64792101696681,1.38592680306295,1.33951440849836
"GISS-E2-1-G","r7i1p1f1",5.22214999542455,3.54631750074524,2.49578034695161,1.99079490852677,2.44253730897752,2.73116538639023,2.41640941952282,2.73431997892098,2.1458754878127,1.71804486580518,2.12118216876897,3.54168120348606,5.68930838371919,4.17710783737474,2.82192768547831,1.7401149387325,1.54677640316217,1.86143252214061,1.71947933846333,1.95076171388712,1.5848419914714,1.94198618553984,2.452315349769,3.6477752627891,25.2498412422459,17.4234074289957,19.935920621694,14.8006508089278,15.452119595706,15.8556143289097,19.2544474635456,20.57314508894,21.4496995129396,27.6025685961189,22.4108145589446,23.0601026305898,5.44105719950414,3.84084072453732,2.64845216127736,1.8399650171587,1.96937471843456,2.27754909608058,2.03498425535438,2.32481861855832,1.84268981305222,1.79667956833275,2.27423348208456,3.57442383428804,2.88240002169329,1.50481602342872,2.08102814995846,1.41486768805873,3.1544549777888,1.40534284277792,1.50126383538946,1.44683562761405,44.1040415694369,30.4765973905511,32.3922477244738,38.1847950722882,3.00447176300804,1.44303320390981,1.78560334630758,1.4137461444402
"GISS-E2-1-G","r8i1p1f1",3.81055551505726,3.4927001049315,2.81818601476075,2.20350035014825,2.22793136360157,2.88484745308763,2.91284116940161,3.04307013755335,1.82164823685875,2.51515864082283,2.14619685013752,3.16594849690539,4.43632342342636,4.08696273139554,3.18733304723918,1.99932459860192,1.43351108226916,1.7165187973364,1.94552537005233,1.93113926234612,1.50630857304915,2.63835763960892,2.74717200462376,3.46026542068801,22.1519841616694,14.7841095961754,18.8636794475216,16.3340924055377,16.7674085208701,18.3759387906246,17.9907156771128,24.9980734889895,22.3498538142253,21.7505027026065,19.3585185739847,27.8681520117808,4.11045205445265,3.7637655392549,2.97844555616424,2.06019751312913,1.80923556601492,2.28085737055774,2.40876035270876,2.4678833594524,1.62185150332901,2.54929334360017,2.43147228470003,3.28607126639336,2.106227766007,1.84663720462825,2.00002586190176,1.33956589297025,2.54730193075669,1.7382776519884,1.28966270204944,1.48729871621822,39.2357374335442,26.915052618772,41.042186874584,34.2529805733883,2.3208104014633,1.77584041946406,1.61709260889633,1.4035627900978
"GISS-E2-1-G","r9i1p1f1",4.26359758511707,2.36930563570897,2.54769672855496,1.75737853359623,2.04276407288538,2.75727668409314,2.20589857104698,2.33067747045025,2.0950982749287,1.53454100367309,1.91605437496332,2.99819869293195,4.24476012346365,2.64292592996178,2.43079146091078,1.65604431058492,1.39844330530806,1.9199377384541,1.56946802613416,1.46328633443756,1.51941080534604,1.50221675280693,2.24806430144875,3.33997728672847,30.2942322191391,18.2613910285841,21.3222791044226,15.3917562649472,11.4827106415759,14.376391886637,17.5884353332314,25.3332512854086,17.5483781219987,24.5563347165786,23.264347939658,25.0946749858148,4.22814869408709,2.49324604924363,2.43665731086148,1.66893179409266,1.71096531199512,2.33133576234347,1.86764649981624,1.85548271130561,1.77602487815236,1.47079226441312,2.05807632533867,3.12090651434233,2.09339684360792,1.12083712557577,1.43837392225731,1.34304936960463,2.41897670014865,1.07661132913554,1.07558591357049,1.21838879852361,35.1610431304731,26.861308541315,33.21029891499,45.9760693624737,2.23633526160521,1.06300917481794,1.23829693948779,1.26609182358434
"HadGEM3-GC31-LL","r1i1p1f3",4.18393753936807,4.02222132257986,3.16664549297216,1.27791137066088,1.71076376033576,1.77790073808488,1.70287451363728,1.58813488526419,2.10229485994732,1.4795968696073,2.57611486857476,4.13183463745397,4.92948086609487,4.85397810545905,4.47256772659347,1.81505834110345,1.1790508553664,1.24920204415716,0.978011118099604,0.867788840251111,1.40900633446934,1.71658910660634,3.37709662420183,4.76234753278134,19.7091288143512,13.9612143364081,10.9824813476611,15.9943197532066,19.8339590358174,27.409554714646,34.2153296288257,21.8852808353327,25.6107951377189,31.6666199031718,21.372832954612,26.955083115196,4.54126545733929,4.42116643474074,3.79777460547924,1.49514155713165,1.40582123092993,1.48517965939803,1.29414685872741,1.15875478151253,1.72189750986601,1.53339829947329,2.96433978228333,4.43403762446513,2.27362690658446,1.71752294234204,1.0981122778262,1.39913355782916,2.76140061080122,2.10980197360228,0.717146324382069,1.54646054908784,42.4575689473566,31.4756576259894,58.6627469954951,47.7289613036617,2.52285188015377,1.88422367318074,0.856187754680227,1.44244364817518
"HadGEM3-GC31-LL","r2i1p1f3",4.01901371786261,3.0677334476364,2.33517825256754,1.73491528164425,1.59108507759263,1.59906941328566,1.71867698382001,1.70246947075434,1.71799468774686,1.45903447841215,2.94787864501698,4.6997383150432,4.50345461265858,3.68207213025679,3.33149547035044,2.2643387301942,1.3412123525798,1.00947237840301,1.1597116169474,0.915385729888094,0.955829061810897,1.3575840610285,3.92197024143639,5.49582495663963,19.3307283223179,18.6989827002163,13.2663869606048,14.2844646744105,23.6741344863579,28.6769291307109,37.4834118100199,23.4457331363054,22.648117833041,24.3571804891147,23.4927535905089,24.1492412008061,4.247411652657,3.35481126454077,2.79079768599193,1.97325799794066,1.44024263600781,1.28586032741087,1.40483974624997,1.25414714346892,1.27741207493722,1.37959264352524,3.42965599293647,5.09187881680794,2.66490387137663,1.35766872535832,1.21106488716317,1.25351918406843,3.17353278615923,1.70300950652377,0.794962588579726,1.47455428683639,43.6744077985234,30.8718092957864,55.0806414039567,43.5899636503001,2.91488451300183,1.50074311094786,0.977570293207051,1.33685167980337
"HadGEM3-GC31-LL","r3i1p1f3",3.88971529259807,3.62363886455172,2.65013771058364,1.29112354172635,1.58326013139918,1.80197847844574,1.10124798589454,1.55261736743319,2.13605071186949,2.35204972971119,2.32147396696804,2.88158042524002,4.64089270049107,4.49208755198656,3.69470574940856,1.8134522864973,1.25029191993609,1.19358438250545,0.883989129802621,0.859002361737885,1.12732008529638,2.76255753567795,3.0169330548541,3.30395791907743,22.3578937691613,16.5490385872086,17.2302290496513,12.2391500155627,21.3434627532378,26.1406322642054,31.6740673142854,25.11175504379,23.8541760000986,18.7807559247078,23.9833373671049,20.8104198591149,4.25468504446407,4.0443006584689,3.15033477513141,1.51628705619405,1.36861369577973,1.45428814991683,0.960728889958036,1.15808502258696,1.57928035407954,2.51986361608682,2.65729098939105,3.0779452767125,1.75045478491248,1.46403630380212,0.882290644634292,1.39343287330743,2.16092785520533,1.8744010537622,0.620752231839188,1.50158536909816,35.6087269750213,25.2872692971334,50.6438146817283,41.987936964975,1.95153932758898,1.64387053773331,0.728689581198418,1.41626025272486
"HadGEM3-GC31-LL","r4i1p1f3",3.44078980508235,4.83982045833991,2.17226244683533,1.64437389824862,2.17277829454396,1.94605702152699,1.85331017929802,1.93812624287824,2.1604198187166,2.12458244714406,4.01771365188035,3.72627205773758,4.30400642011229,5.93739367720896,2.75989546695264,1.91551739656724,1.59971621046453,1.27292314510081,1.11987786690407,1.14755612388731,1.28000089798819,2.28719825596055,4.93942153065228,4.19886273601103,22.7821176596354,15.8871870588748,17.7238098833634,13.2029381090969,17.5943316368405,34.1532686374334,35.6885061506414,21.8402496722708,29.6075093379265,24.6404759992835,24.2762418743147,24.2288704012288,3.86536194793007,5.35960197527142,2.41500101139885,1.75172821069307,1.85516985001746,1.57098695093244,1.4545370950648,1.49898433046797,1.67167064896788,2.18522993871525,4.48166250966923,3.96667874044333,3.00986882518617,1.42532109711639,0.927045734094844,1.97082163856461,3.59184260976638,1.565684456106,0.649314404123533,2.15525020549259,43.5740347655244,29.5678498901499,57.8576870780624,51.3762103361638,3.30040053299004,1.47712441985235,0.764168844554988,2.04222382733126
"INM-CM5-0","r1i1p1f1",4.18030961840713,3.97213859998254,2.61424919442939,0.871575400158196,2.38699541818513,1.30023870487506,1.20365344231444,1.53226224459356,1.56654682838313,1.44597737697125,2.34997921242946,3.55641075682553,4.83968746022341,4.93486423901117,3.64981655971094,1.70369780386562,2.11948811864032,0.99366383454967,0.713224827927642,0.557951919817099,1.09723267369774,1.34461890511773,3.24280990684838,4.12364781041832,34.8713866830013,41.7494669248093,35.7639361149857,27.1834442938742,33.5762349247818,39.0590859519562,23.4694479804223,22.8794893842227,28.3626209008938,37.2462734385263,35.5681713908932,33.3572401625849,4.49432464592718,4.4379554161643,3.10534578006912,1.24172664361818,2.22082360201443,1.07693157126876,0.788575027953995,0.927913244062045,1.14130395278544,1.36481231078788,2.77894588466293,3.82402568163357,2.99652097123222,1.54579518650457,0.951441737212713,1.00527916863752,3.59907555180302,1.90365951268337,0.541867778757117,1.32370517952407,64.0680188119061,50.3714200119769,54.8303548784061,70.5679061564841,3.29104671886425,1.70206433148273,0.612850884715484,1.12676936211556
"INM-CM5-0","r2i1p1f1",3.3385660078102,4.43772878639617,2.34843063273787,0.843508000629773,2.11975925763867,1.36649564391094,0.972991594865115,1.10718136486876,1.42754511573935,1.89586664742739,2.07541991319635,3.48237763934191,3.86820371748955,5.42876967920772,3.17375914751526,1.54087973081211,1.72975647744541,1.02659463846454,0.596050217740893,0.64205131029963,0.851907933075389,1.7369579697004,2.99156669061009,4.15346414066814,41.3307557131017,37.4105683021477,30.557493578386,25.0004330996968,22.6999518962476,33.5044179622405,23.6199905593332,27.4387679844731,30.8982467977135,35.9825795973935,31.7099971545289,39.2105112871829,3.59236258825821,4.91743789002961,2.73613537340702,1.14973260259561,1.88362880400157,1.14743592213348,0.71232176637428,0.653056474296588,0.961924555552416,1.76900517533014,2.52691488787706,3.80952979268824,2.44814966487125,1.42280684224698,0.783310099924467,1.2679288931801,2.96189594452724,1.66106530005129,0.544365073579609,1.31439859942139,65.479328053202,43.7880639013634,56.5780966716671,57.5892335084602,2.68919720533757,1.53126797432566,0.593847768720059,1.24087936931654
"INM-CM5-0","r3i1p1f1",4.49112022991372,4.60082451381234,2.2096964996781,1.03076804307307,2.05499391726594,1.00143001201558,1.48280954202859,0.995645692416528,1.51416302133304,1.53992461376911,2.38468533310603,3.35566770511123,5.10926699198645,5.37995534741971,3.15949399411529,2.05807632533867,1.95597816314821,1.01204811116386,0.736573302452008,1.02059257071679,0.726200947460105,1.65757058066468,3.42694529034073,4.04047908847055,34.7047209349451,41.4457797027926,35.8717286946173,25.2130334841182,34.1859231969474,34.1016121909652,26.8540253623348,19.9479382738996,32.8743662147727,33.2670587128213,27.7855889630396,27.7655043153381,4.80299714857248,4.97160789458212,2.66286510636807,1.49815595462149,1.96147961978976,0.951924849733544,0.979350007291371,0.828244230735793,0.961464400330791,1.56830679616475,2.90295331189368,3.69628735759073,2.7584790911935,1.39059236530221,0.709702868050806,1.08278058400742,3.13193598090793,1.95123303191279,0.562261443666985,1.29606389086164,69.333848693929,55.2453145670218,48.5743446072409,47.9000016797447,2.95024643428113,1.64347892852502,0.504929720840936,1.15808502258696
"INM-CM5-0","r4i1p1f1",4.49112022991372,4.60082451381234,2.2096964996781,1.03076804307307,2.05499391726594,1.00143001201558,1.48280954202859,0.995645692416528,1.51416302133304,1.53992461376911,2.38468533310603,3.35566770511123,5.10926699198645,5.37995534741971,3.15949399411529,2.05807632533867,1.95597816314821,1.01204811116386,0.736573302452008,1.02059257071679,0.726200947460105,1.65757058066468,3.42694529034073,4.04047908847055,34.7047209349451,41.4457797027926,35.8717286946173,25.2130334841182,34.1859231969474,34.1016121909652,26.8540253623348,19.9479382738996,32.8743662147727,33.2670587128213,27.7855889630396,27.7655043153381,4.80299714857248,4.97160789458212,2.66286510636807,1.49815595462149,1.96147961978976,0.951924849733544,0.979350007291371,0.828244230735793,0.961464400330791,1.56830679616475,2.90295331189368,3.69628735759073,2.7584790911935,1.39059236530221,0.709702868050806,1.08278058400742,3.13193598090793,1.95123303191279,0.562261443666985,1.29606389086164,69.333848693929,55.2453145670218,48.5743446072409,47.9000016797447,2.95024643428113,1.64347892852502,0.504929720840936,1.15808502258696
"INM-CM5-0","r5i1p1f1",4.43074939822656,4.16346451667469,3.11618688297977,0.777233526054421,1.91461709505834,1.43038054578043,1.31828868517911,1.43105539383697,1.32498536101217,1.19271736494598,2.6841146146109,4.62802557141328,5.17240245209485,5.07262656124863,4.03762334781869,1.63687745909459,1.75610920509799,1.21299951199164,0.615144128518329,0.777233526054421,0.838450952650183,1.28465747481039,3.57418747297257,5.33449412655098,38.0456031564783,32.4166036993745,26.1924594308072,25.2055403506415,31.3821350819037,34.1145583578921,28.2092542083003,30.5586500348759,32.6677578400914,36.6431132291791,41.2097384149655,44.7878561383693,4.77518610096513,4.60977970900099,3.56580341900511,1.1547204468376,1.79911855812976,1.27026560712462,0.821940512991391,0.852615987997238,0.947859051552073,1.1976077687691,3.11637314986434,4.97293941615838,2.75526872502964,1.47612805101336,0.934947290910888,1.12076020998065,3.368564959305,1.90613347580546,0.627575154633008,1.41940573610161,66.4658343657178,46.7198798416027,48.1915831827008,68.4634004078259,3.06182276114893,1.68403251668172,0.709994333796396,1.2391320655451
"INM-CM5-0","r6i1p1f1",4.82283957945891,3.96229499270251,2.11704630498987,0.940139388051324,2.25720812193894,1.69211830786624,1.12237433057382,1.64667550837591,1.85541766528285,1.93282593420981,2.31783688297774,4.43519881242624,5.58464644020273,4.73291361260353,2.98683125059656,1.81589406749618,2.02660749308653,1.16113301781384,0.727268547532399,1.04276930147178,0.916395989294695,1.86882777199487,3.13222222901793,5.13820935757768,51.2071996778829,33.7349474308308,24.124349553497,23.9169408050291,24.0062683385034,34.6735010946532,26.1012812914897,20.0161259700916,34.5168697719039,34.2303402758766,30.6188214973251,29.1510761615984,5.18915314331998,4.33721665078678,2.540859208465,1.32163691607455,2.1227178414671,1.37476852806104,0.793283587738151,1.18131526153116,1.25421587905128,1.86036703831297,2.71426415167306,4.75928131346421,3.09444441005111,1.43870951114923,1.05462310095004,1.42701762790262,3.65064787196156,1.68828281119447,0.765408763153809,1.52273574133237,81.8575027631596,32.6801920744507,51.8106309820545,52.8320140884642,3.36795070540277,1.54570223597524,0.827098515306967,1.4422205101856
"INM-CM5-0","r7i1p1f1",4.6768947847462,5.10807339347267,2.4318197150358,0.985527456652574,1.97738943193222,0.985463307807289,1.17757299600472,1.42403022052396,1.28120363667166,1.43784641003501,2.19948792368514,4.50144804288116,5.31106089365317,5.88365063779166,3.37091003777298,2.10859216529423,1.71900800048956,0.890053595183375,0.878059511506553,0.835257548552417,0.819735028677791,1.48285217561045,2.97326980500145,4.9025210497945,38.9757867659267,32.7649055314182,29.1096231669106,27.2999094773456,31.0090696780611,33.8214112962331,31.0965535659205,30.6924042421072,26.5030731247807,36.6748377520328,26.9562088469855,35.8583990385683,4.97827579439483,5.49001182922746,2.8780660812108,1.49552973738482,1.80534328254105,0.877725639850275,0.880314729507865,0.845739831194538,0.849719358674231,1.41273355306442,2.57567980090337,4.68106481648054,3.50398131522862,1.20992542754911,0.683500119819378,1.04045193540358,4.07106555003032,1.61581266696132,0.631081902621278,1.35910721203042,73.5131331608607,46.6617740867141,60.9366734603538,51.1931483382455,3.78781470374213,1.39038157336043,0.504417269340767,1.15815945937221
"INM-CM5-0","r8i1p1f1",5.12456446144843,4.1978442743537,1.58681709902154,0.853283044495195,1.9706349988901,1.10406250864184,1.18057067828944,1.59276020086869,1.62299921034534,1.35588966424602,2.17976324771567,4.17882456112286,5.87655090803378,4.95809566705587,2.37540317207102,1.84255257726883,1.72078570666886,0.859323444117054,0.697252407339143,0.639719766233891,0.80350525179066,1.60093722550261,3.17447615372595,4.80167714952556,42.7015378333537,32.7688282281847,28.9594923194848,22.8718428510319,26.5697511874108,36.2779792933564,29.2924926634246,27.8498975420637,35.0657943163203,41.1401765484396,32.2580060453678,47.5459032887191,5.49425614389361,4.56964119922507,1.97168461724614,1.32578755601271,1.80834909151458,0.922789374605634,0.806646242735649,0.883150056892092,1.08545239257727,1.41189120742683,2.65233794070894,4.48225620526707,2.84276860355065,1.10284897518607,0.877568479824571,1.03788024468088,3.35993979146931,1.49595623514569,0.543551539287738,1.39236423428625,55.5230250467752,47.2689479127853,64.3866270830087,65.6133309275051,3.08337962065288,1.27344225327016,0.623523543417089,1.17442086485897
"INM-CM5-0","r9i1p1f1",4.47214752085347,4.33816132458913,1.86302497808417,0.943245802364453,2.18721730521452,1.40957318069128,1.19964075082271,1.47729560307021,1.34628052959545,1.66017932835548,1.72413896551693,4.24190371489462,5.13298550844292,5.17700041851779,2.84282520961346,1.76121692516035,2.08001989380407,1.25106391505,0.786677868613016,0.885703824293322,0.906959046839315,1.5783776043992,2.31019977242353,4.87751703367534,39.1105571190301,30.1335962123616,29.6757823396665,27.4688454665348,25.4895326724926,25.0618123203732,27.1411468176036,28.5095202893075,30.4176098420922,32.372537673193,35.3368553330314,27.4011286368776,4.79027271078361,4.73842327915244,2.32006737912462,1.31761278389209,2.07785532668198,1.31179003786745,0.823756464401754,0.820821007550843,0.982730187126485,1.56704935409224,2.00934883945538,4.55324060422904,2.62049613623069,1.2802837329208,0.97010486457695,0.824683847468751,3.07912698479711,1.62266985898684,0.788596891619073,1.04091582134505,62.4594467055114,40.4662778579666,50.519679220139,52.706969593007,2.84014731688502,1.4307782626185,0.761305593632775,0.885651912629803
"IPSL-CM6A-LR","r1i1p1f1",3.3049527445454,2.96560551860055,1.77932248503388,1.25267529803172,1.41746495425874,1.61530040620897,1.12259961030524,1.35152531965005,1.58748336944859,2.17851578706301,2.73085604026351,5.09506860973736,5.08045160450792,4.52460578075752,3.51235749496172,1.90800190365938,1.21299951199164,1.04714170346063,0.783420146815731,0.844243523183199,1.34489669731053,2.24882089155603,4.14636802709214,6.78663409201134,44.7241775494113,24.1251719069571,26.7986918534743,22.4821144749414,17.2773308389792,22.9549443751094,25.0391555437644,20.8985015686793,34.3749668338398,41.7133542110944,37.9268479194284,51.0812195283721,4.16425539424586,3.69030416464364,2.6159897359987,1.55051344851407,1.28618208968096,1.30936502993214,0.913758186277149,1.05010125401228,1.37733709427444,2.14786715914493,3.40554146115976,5.90064188988314,2.08845760608488,1.14545077208249,1.0124568956342,1.15689338266349,3.12398949179212,1.76015934492881,0.681116392571699,1.56986345405192,74.7599168065317,39.255417811892,44.8823319819495,73.1029681615117,2.57356365475142,1.43952817940822,0.833907847936794,1.31848484968564
"IPSL-CM6A-LR","r2i1p1f1",4.43544889459362,3.31541332524941,1.69727638481091,1.27568327420718,1.69861674623051,1.97998316491159,1.54640480343665,1.51514955067793,1.93844646886203,1.93062434068039,3.60217207781096,4.74511727263241,6.09307973767414,5.31621354318857,3.39686975580917,2.25808636304914,1.31535581480458,1.39004672045851,1.11283525233997,0.956892720298843,1.39681493191582,2.30344319980169,5.07593941251668,6.38092433760963,30.4265643162674,30.7326962808286,27.9062511021225,21.8199834592265,20.2161279078415,22.4992978179065,26.9069979787765,22.9505688207374,33.7221474684673,36.1561148863945,33.9390909800443,41.6423242916842,5.21854451897766,4.28384964909974,2.514473048701,1.74013145229444,1.48664939941521,1.64315368209687,1.29866863744569,1.20346721323571,1.59321838665834,2.0863651502625,4.30138176141938,5.49122706802803,2.31163971261084,1.04549388867863,1.2711882394948,1.5848419914714,3.23937875411994,1.55598953989924,0.91711692181306,1.88448291636432,49.972915077863,38.0007139981319,48.5448014428573,61.2941639981319,2.74385625105194,1.28145481261791,1.07341971523606,1.71015896283384
"IPSL-CM6A-LR","r3i1p1f1",3.83688840646665,4.2007169612467,1.7850110273654,1.41228192294777,1.67215533018792,1.51451217441022,0.972902990993993,1.02833421822276,1.55838112287654,1.96621171437542,3.56274626089766,3.62961002939947,5.51822893460507,6.372228719261,3.30893773974628,2.28090776444052,1.18440537484175,0.992066228786592,0.814918372613471,0.6706404556017,1.06203556448449,2.45688336354597,5.43589178886316,5.08055680720769,33.9949565224831,34.8351586168639,27.4380221129597,18.907004418785,17.7039384539602,14.2337501621379,28.2647786590251,18.7097273243552,34.8661923332057,29.8346679853003,38.0424277661774,35.2653090584572,4.64851477949381,5.27250076982603,2.50641705164596,1.81825039055643,1.3994415963552,1.2441125720585,0.829076483861383,0.799719778508654,1.22881589579038,2.17510734310355,4.47770980049749,4.31512842605331,2.41139297750367,1.18604917422431,0.759378148496382,1.73379193756305,3.56515060699751,1.70705432917603,0.599817980053451,2.25028478402077,66.4932803622542,45.3864151278873,35.1367641566821,63.4533808416059,2.9717752734455,1.41705944521194,0.660685815744849,1.97858941975187
"IPSL-CM6A-LR","r4i1p1f1",3.32380650086199,3.90276059090038,2.40656191066946,1.16491329656149,1.82541445459229,1.95301417501668,1.06155383835401,1.31917773065553,1.84534518466728,1.93224602797979,2.16581592493214,4.56906640530557,4.85568277098224,6.29325857154113,4.35626646008533,1.96878222469522,1.44260301132219,1.43986349927753,0.723846684725782,0.814389271207247,1.43135656256413,1.82750693820719,3.26026054949213,6.24993701117685,32.5720853972606,33.1162466638876,22.157102594931,18.3018057020072,15.8742196839628,21.5332090491414,24.0853043380704,20.1265596240105,28.900705157845,42.1172528603866,35.558341892739,46.0497283679135,4.07163019118794,5.0726854752719,3.3496354236341,1.54845492142269,1.59432903049253,1.67639459870721,0.85444073259486,1.01551753410218,1.58613243203524,1.82807291285458,2.68003259544426,5.36655886234266,2.38641027968547,1.37858831676699,1.06460288856682,1.14484853186766,3.59920329626101,2.01253542840237,0.793660224355573,1.40998491880742,58.793881533261,30.9718969761113,48.1288482563499,73.8043599777421,2.95931997469751,1.67827566132692,0.917242243539477,1.23475066122772
"IPSL-CM6A-LR","r5i1p1f1",3.80523082206525,3.27565208038402,1.85436732092634,1.24024469220865,1.70591937662371,1.4268202731788,1.50050183176377,1.09636808987937,1.72341881555039,2.39377545303235,2.9074320146033,3.86698522270821,5.48249460797152,5.5697912629329,3.92563048600396,1.95580186101257,1.44868152501492,1.21250192558207,1.06244134388464,0.761094191159079,1.4277262688802,2.69660493230275,4.59474462412434,5.28672268816979,32.9357551229244,25.4157259671405,22.2864746880925,20.7759589733992,17.5962953258748,23.3673709045007,22.4029198117557,19.3606452941759,30.533833504913,30.5474953353686,30.4842948070815,32.5116992205405,4.62157484230089,4.40496584980304,2.87074222450227,1.56220077594649,1.54595876586251,1.29687511251904,1.2648383659401,0.901467513647009,1.53366812936648,2.50951293529517,3.6987183241468,4.54254599733795,2.14386052042442,1.1888563034887,1.03847810839189,1.56627165477503,3.57781960185925,1.86301263869949,0.793573324078913,2.18874865840168,42.662608463613,38.1937686739243,43.2539426147968,51.7538849671733,2.86353210073748,1.49357243570228,0.902079334890663,1.84636642233259
"IPSL-CM6A-LR","r6i1p1f1",4.99796395326746,4.32206315144255,2.15290234468429,1.24678897918641,1.91720582121992,1.43866556943914,1.3776917226864,0.981021049137364,1.39108822034464,2.64953910544162,2.29702706412731,4.44524801164766,6.56404697147104,6.74239034662091,4.15968610663679,2.15574346457492,1.43632673259207,1.15869526306259,0.901754356540755,0.743585597110302,1.28693255545846,2.48076740073545,3.68442044601163,6.00666296707248,29.586611604016,29.2466524265756,29.2185354884867,24.9865720259742,18.8257148663705,20.1534355760312,27.8228831645142,21.6984654364969,28.6697166915269,40.7140609448467,36.3651633221724,39.8618829540663,5.73529203377157,5.51772066883694,3.11969089243916,1.6712030218468,1.64646957729729,1.27087624762666,1.10320327739921,0.797150096193978,1.26803767303258,2.52964265342419,2.95603804433235,5.17285576655769,2.5794524055783,1.34110950807295,0.846527728667112,1.42691694012756,3.77966275938908,1.97199939381213,0.656190678763842,1.86279051579804,63.8760334059509,53.7807255137155,47.4286973607049,58.2293543897206,3.15110635561033,1.61841415213044,0.722105796687158,1.61082544699594
"IPSL-CM6A-LR","r7i1p1f1",4.09452816812148,3.38340099586948,1.82260707551686,1.27666951771837,2.00456089152116,1.68853129406431,1.46658176347775,1.20815714133589,1.54229639204646,2.10522065897818,3.13435725505228,3.38321753949406,5.35213353096999,5.5723042552111,3.75909013202526,2.14481733005642,1.51137069553116,1.13431836841318,0.992986902484493,0.718907216688563,1.23252847301051,2.19000078727745,4.71962033345417,4.60317356793677,30.8656787781636,31.7910601545014,25.1337104761484,22.6963615495129,24.2584667053908,18.9408422660431,26.8536735216841,20.1780947006184,25.2303094955528,41.568701754051,45.3837653893938,31.2091645838684,4.66815575585472,4.41873753229476,2.77062588887276,1.6743363756577,1.72498875558554,1.3821896671087,1.19173880498637,0.928229064079712,1.3246947165117,2.09339684360792,3.89472971337292,3.93918714994589,2.01814755164975,1.40588255097161,1.06395488626163,1.41883876754051,3.10313338121474,1.9893509598307,0.69663394302511,1.81627698024435,65.0077527648836,40.3402267786353,43.4709823945218,70.4306983095285,2.51998905306872,1.65729318156299,0.860526436041588,1.59418843980541
"IPSL-CM6A-LR","r8i1p1f1",3.89825189233481,4.36037671050005,2.14101973770476,1.18049765465404,2.04374290395619,2.24218950873994,1.39050970560414,1.05468849244313,1.37757491399857,1.96169056812166,2.74887855921889,4.52574246147372,5.70216837158734,6.98211919876388,4.00196072634058,2.11017240674948,1.7169339151422,1.68757801011683,1.00230194821835,0.85809867342476,1.20904636116581,2.06062148866312,4.09249523413031,6.00200732705509,31.7749514591271,24.1988448475133,23.8435149861876,21.2751098434432,14.2456430120787,19.3260675011103,20.2505061665135,25.0718544399386,30.6024191441014,30.5993022608453,34.4784683767884,39.8128560360485,4.7754929937477,5.64310687231899,3.05148164501854,1.6137662096197,1.85005747037171,1.94357473708131,1.17809997038871,0.883859093154403,1.22093331550889,1.98611270530172,3.38118526453424,5.20993745412189,3.33370802491794,1.37272277466791,1.18455578753941,1.15322635873568,4.85618932009901,2.03718591119751,0.942849679027033,1.56286283143629,67.880710191423,39.2148026531619,38.7204079072748,53.9132808366799,4.06375060326261,1.68960309560845,1.05370719394655,1.33321838584975
"IPSL-CM6A-LR","r9i1p1f1",4.64196747823221,3.57025386263752,2.20480405468156,1.03201621657044,1.37389453994714,1.66541562242051,1.21530470139853,1.2633835249181,1.29393367983683,2.74164352084699,2.54417522710345,3.47212379937135,6.57806875197783,5.3413255490271,4.06469096533527,1.85820330971341,0.980880439595779,1.27424081521995,0.937568388310218,0.783486167531146,1.20794306023985,3.02024586043442,3.53160443496401,5.03126318089228,37.9788392382529,27.0170308143398,32.1761968491952,22.4693814656362,19.0259532363486,20.4099299699757,24.8009280972055,26.4364258022033,30.2633582170702,45.8515801505123,26.5920714568801,32.657970458722,5.593185508986,4.43246123995215,3.10176256900536,1.42089901927917,1.16751529070201,1.44650192398488,1.03548533792491,0.972849824797844,1.20811908524695,2.81739465529382,2.99263463673157,4.19784290528734,2.42832897466455,1.03892628039335,0.942733857690908,1.61039725234019,3.67502287114628,1.60459111417151,0.759642989347212,1.89337926931486,46.3837441798086,38.4286951274097,43.129047336313,64.1178157679328,3.01898970693421,1.30023870487506,0.834899677365112,1.73550151749901
"MIROC-ES2L","r1i1p1f2",2.93944439194439,2.74057633002434,2.32314936853095,2.20543737680046,1.83678880208049,1.83240624417135,1.30764331317174,0.910607981818589,1.36713897081359,1.55008342378391,1.53863650640773,2.74524458219882,3.65805048261138,3.460117598161,2.54459987144288,1.6294135465704,1.41455488307855,1.30755980501014,0.888237309079831,0.733006719324395,1.02746759324682,1.4764200255869,1.9197701011786,3.30695713870642,48.6495873037746,40.1105948109967,34.1905142454426,20.101655447354,27.9454879873402,38.172916318116,28.8451553732294,25.6526712104195,31.7169320964244,37.6765955279231,34.1861202257869,44.4059776446225,3.29785022278969,3.07467220942368,2.40093133270567,1.88139407837936,1.58830495928149,1.5390286532103,1.07297523832983,0.774863725504974,1.16172681616734,1.4911077422006,1.72065210840568,3.0076626278156,1.95190446346197,1.73055369519528,0.904960785331887,1.14009477323336,2.52946771012237,1.59890767310887,0.743933317985688,1.09586998977194,101.623969986721,47.1246238437379,53.3417065266234,62.3064182779005,2.23998152701742,1.65635314686405,0.815510558646771,1.10193664419335
"MIROC-ES2L","r2i1p1f2",2.77313880838567,3.02966179213335,2.278020919646,1.58451196300929,1.68750989779984,1.70915049141345,1.01917816790345,1.06592467008642,1.28720047291448,1.58709233158173,1.49262170030785,2.28990789354497,3.25707011701106,3.84159928382324,3.00784415101275,1.19127093340751,1.34720229475328,1.34227889936412,0.607623976281157,0.703848207251091,0.878118416856741,1.56137281181378,1.75312200990382,2.84054390129292,44.2574256383935,40.7611891415092,32.9530254310203,18.9337089164625,20.6293463549983,28.377955869131,31.2342247078977,25.5297518570991,24.8056262157202,33.2899729475795,37.0508102506529,45.3751838601766,3.01325806029471,3.4271817449099,2.63224042503196,1.34286107325701,1.51217663019885,1.50294729605287,0.764507203607537,0.840149138375231,1.05069216376087,1.55584179085179,1.61067202366469,2.54239682370699,1.72565496478041,1.43343089750815,0.862127814083325,0.9478408615641,2.19185797425617,1.38661914153749,0.701959490595278,1.00452424834707,87.2591601093461,43.0235776044375,47.2696325447907,61.0700868326477,1.95015177717607,1.39432346714616,0.752894796576948,0.970134485285535
"MIROC-ES2L","r3i1p1f2",2.42707193155035,2.84846399423212,1.7437870005962,2.1937764636384,1.65189198388901,1.33201515299793,0.941806774237688,1.00787702223735,1.1508917082584,1.46215083266784,1.56196163138889,2.42025931924945,2.79515385220049,3.47359332316157,2.02663017964736,1.48856175281848,1.45197447810128,1.03901478533173,0.669534063411986,0.696097496143989,0.986023011552137,1.46830498883232,1.94026897057107,2.97313642974638,48.6770832813718,35.0826854173388,29.2437076442371,19.4534386642071,27.6907073918683,30.7052363649897,32.8626121277976,25.8990314024715,24.7173306969343,28.8319195720108,42.6464191810463,40.2511262068472,2.58319947743682,3.1332862554546,1.83485099147575,1.8299582307902,1.5229131189323,1.14096148201781,0.782010377095507,0.824349273146966,1.03615669165198,1.45406287710495,1.7465894516582,2.68427733805324,1.4641462146695,1.41200110709474,0.680972934800668,1.06250625420742,1.77952596038332,1.31292863827224,0.557756177933502,1.07015951115259,98.6402964916166,46.0530054431285,49.4081417507719,68.1998580913345,1.61559924472012,1.34984034815872,0.616217605989178,1.05588661878259
"MIROC6","r10i1p1f1",3.39449181949871,2.02780669690185,2.43150064822094,1.76472784525436,2.84102943945713,2.31705570205741,1.48012115067979,1.08352341391672,1.47988815980034,1.87280906477501,2.27291903057285,3.14679183464282,4.25197182114558,2.68295813754447,3.32510651458466,1.83398629960162,2.03312793385028,1.51135548508577,1.02463898884986,0.73453402227879,0.97474429302336,1.60961193295547,2.83447779455336,3.77877313909973,33.0374708892588,43.0273488275357,22.6317773236568,20.0014565561565,19.7144920148174,26.5551668241318,34.8278201653687,31.022866798022,33.8633698277645,30.7724852843366,35.8930377778134,27.401670391235,3.82004543512728,2.31377931372974,2.83419391933823,1.73842642547265,2.42018570580332,1.86897230350382,1.21980307436483,0.810250422478407,1.11901537178845,1.70793953969816,2.5555079122662,3.44720609843065,1.91089134885436,1.65569723480271,1.15649589649972,1.22153097833599,2.47424434069703,1.52964574067136,0.805876405914204,1.30022102453532,69.3613148664297,32.2866843839027,46.1150684725707,63.6681320165965,2.18331183634236,1.56682928967661,0.964520010458421,1.23400106186731
"MIROC6","r1i1p1f1",3.29497876434299,3.52054071082152,2.46450666532843,2.03160092017369,2.49101604160636,1.89383755630074,1.63126423013126,1.63335913655433,1.38741883888131,1.67467958849982,2.25952899170774,3.2612669423041,3.8530775876631,4.35037321691332,3.16275741762763,1.98233578699821,1.79156709159277,1.1152495726049,0.85739514623166,0.686788294104916,1.05541297685983,1.45657447300243,3.01842045927427,4.05772146016405,43.0030131261873,30.4552439664743,29.0389411557701,16.1871202525022,25.8262294274015,32.8271712520862,36.7594743436708,32.7993007004232,29.0167680417066,35.2859817172078,29.2066377670415,33.7947083186825,3.56725368463959,3.91928476937416,2.78026915094998,1.98027340501777,2.09389094996488,1.45163007858665,1.17788042638061,1.04496603915558,1.13239142739054,1.54378620996204,2.62661225802801,3.64134148578404,2.13989203723797,1.99141837051805,1.15629710217822,1.10237465730008,2.66037116069237,1.94026897057107,0.676952264060098,1.23727546436218,69.0616440447295,41.3481300915648,63.6447518400505,49.1653419653999,2.38539859075619,1.94785174917949,0.853047276047708,1.15780708297165
"MIROC6","r2i1p1f1",3.57552503981511,3.93254765190236,2.70971220425437,1.85526898009581,2.92343680599063,2.35259944272947,1.59020348585858,1.69927638419565,1.85019725571558,1.66063621653816,1.6187266174586,2.58946583938335,4.3248865509006,4.48506589605482,3.78979421999204,1.87126179078588,1.99494764140667,1.37633947295992,0.926394568502927,1.03115268610859,0.957367079096587,1.3192474343744,2.10691526977783,3.08405055342677,34.6650614128783,28.6778357685481,26.299347485459,20.0642920655565,26.3464364315874,36.3517080501167,31.7698251978737,22.9018194328165,30.2957460691275,33.1765609339229,42.2871443196705,37.9268745890293,3.95000945728535,4.19076845338478,3.22005390116948,1.80561385110725,2.43249316309538,1.82612270615395,1.2074719482237,1.32363136862194,1.3514572807193,1.45732000919338,1.85485073910755,2.80366139920271,2.32592584457948,2.06572744694393,1.26809205945955,1.14685476938842,2.89874328695698,2.08838055280481,0.82779307759267,1.01168460852503,68.9995352308185,41.6977196928826,60.9414627741858,60.4177039784117,2.60221832863522,2.04580029586827,1.03146475472014,1.04630713497025
"MIROC6","r3i1p1f1",3.54985672367501,4.03405189761407,2.73083920409472,2.1740607695934,3.68255283767916,1.99887612100561,1.52381855498145,1.58410205174567,1.65036046219376,2.16679221563747,3.2179614450874,3.27556084519502,4.17601801202792,4.9612799609148,3.41515217344939,2.10826507090437,2.20293430229544,1.26173115886126,0.880628041301455,0.963500562186309,0.937034942122555,1.97035792302505,4.01597957589714,3.74961147412589,33.2636980685462,35.6496721785318,28.1037938699574,21.8780867116144,18.7761954943322,23.0894203767295,38.4442191818971,30.4439035665241,23.9896771382068,35.6483760169195,34.7814293493842,35.4942514367816,3.84597714890313,4.49265684392224,3.04024537727187,2.10764617851126,2.90921840433783,1.59696551327031,1.14853229679518,1.22795035280972,1.22894216730272,2.03651719827027,3.61965261557947,3.5016580637467,2.17899059199438,2.42506309907243,1.31535581480458,1.69679887929643,2.63626564513596,2.10499133151354,0.833969871833771,1.76766616705783,65.2225840584714,43.3074389033549,53.8073985426822,61.1069619037262,2.40995063620928,2.23663591804412,1.05743671857615,1.71019928932139
"MIROC6","r4i1p1f1",4.32432839779243,2.82006154656894,2.78893750625451,2.34310924191345,3.11987326592,2.10730802837098,1.52324517464162,1.19520113249881,1.66529483772446,2.47758688679311,2.24214849754816,3.16013421801386,4.97479740244789,3.54594798698977,3.67001675588896,2.39239455862488,2.1945622452498,1.35477444362648,0.977452706325707,0.741077190513141,1.08006491929192,2.26285345241941,2.86605379709036,3.64092479094712,32.1226521571491,34.1493938957674,26.7755174241943,19.5748665972172,27.9361029954916,23.7901022594953,31.4076725745752,27.0602512073022,29.4806433670185,44.1838438512457,36.5224855948084,33.6986082116502,4.63989323103477,3.16275196624712,3.19546373876267,2.30641534076973,2.61618305802622,1.69456195811338,1.18440537484175,0.885314412621529,1.31885094536568,2.34765963187308,2.54305680845601,3.39262215070751,2.5760635567229,2.30937370223005,1.10846274415174,1.32922931607479,3.0666260617002,2.3071328676445,0.732685189018378,1.32354886921315,73.2947318205318,38.9905300910568,42.1030126969665,66.9417795593657,2.819971875624,2.28170132128204,0.922396927550186,1.31106695165584
"MIROC6","r5i1p1f1",3.69180670967606,3.52827006550978,3.0412036334698,2.06927162486496,2.40879614134835,1.54583608296685,1.81782047088479,1.46013697987552,1.60271321675851,1.80148406254016,2.48547273423864,3.71213604586207,4.29020402483526,4.39844408226677,3.77130118708095,2.14584334893322,1.5756954312157,1.0969183584285,0.837456466530251,0.883696520435543,0.876749482561817,1.64697214347399,3.09812883832332,4.15102258555011,34.6337336385658,24.8061078870859,22.7532299083969,21.7288570772845,23.1771808605723,26.5840339690756,36.5020139579792,23.7106768229483,25.0743402750678,27.5430782760304,28.2704028652037,39.2621516440979,3.98494869376684,3.94998763274653,3.37315296414797,2.03853959445504,1.94251880566053,1.27865320669387,1.26149427905637,1.11283525233997,1.16492809703619,1.70732364330507,2.79074002462742,3.92010585125676,2.16482857488086,2.06716252857395,0.967429346376202,1.02104859330252,2.62214486216168,2.04923591030705,0.577559271974469,1.20870406520429,52.7966652551936,29.0205365255346,53.2164152360408,37.0353977925872,2.37961892051995,2.02809292675169,0.739843102348027,1.09005957867333
"MIROC6","r6i1p1f1",3.32807804119372,3.44073802561595,2.10426223181187,2.74469184669852,3.82964240100042,2.54960894003893,1.41107686928618,1.41676740683059,1.70866957722607,1.90729091139492,2.32280052928584,3.12749027213497,4.27579259305811,4.21143626359213,2.88318350550859,2.60375723218159,2.30691364699952,1.65635314686405,0.988206316584716,0.798137199048977,0.866755079486756,1.75646261546901,2.84176770306106,3.61020902378274,33.4876570158886,26.1609966768554,21.7783146387811,21.5382335800113,22.538279060046,34.1936407679194,35.9256281590272,25.6383378520545,34.7397385825168,35.0440176408726,35.7952099794269,32.2464853292875,3.77849480461542,3.80073344403994,2.46712639394056,2.63002338174126,3.05946618437487,2.05930743854258,1.11562054274843,1.01049663447033,1.1948596801183,1.79008764955894,2.57474248238046,3.35013466876342,2.4532151083458,2.52073926394255,1.18397343865826,1.31802708708844,3.01286322749411,2.22656118547047,0.924811257537972,1.27136454885763,55.3509522911777,33.1709047139241,52.0366074724456,69.6572960755133,2.73338029115818,2.35294142156861,1.02014197794837,1.26571046788187
"MIROC6","r7i1p1f1",4.42140041267418,3.25897699201494,2.04145541951938,2.18259573396702,3.18625640604416,2.27256500988155,1.4831660760668,1.92090735265167,1.52670104865164,1.45572196410634,2.81634188428809,2.47703010900545,5.04757253595698,3.85571526825893,2.75913529682886,2.22138250418181,2.0788480452891,1.34663906879653,0.853532214611323,1.07419576973852,0.915944334000984,1.22922272422337,3.42049435158069,2.77000352711506,34.4237336264039,34.0397982084055,27.7306090477818,22.1908803884342,19.2396919706745,26.1507585437553,34.0677823332169,35.7968644680945,32.2346192495106,31.1281215948375,30.4446664071669,35.0234254939938,4.71226816558309,3.53328995852796,2.36484064248901,2.13630091728562,2.61793329033489,1.78203357941452,1.12884846218379,1.42912641108146,1.09360208359411,1.30903579502001,3.11256999182717,2.60602529076215,2.26013935080505,2.14133914486551,1.43663479709698,1.21257776145953,2.67652416562889,1.95671845865387,0.888521954916037,1.39829534972318,70.8241517511108,40.7128307319314,50.1774516608049,59.2659760700879,2.44767072009758,2.02543879168208,1.12989166401642,1.28277715967323
"MIROC6","r8i1p1f1",3.78353966726835,3.28293392751267,2.15728916738673,1.87314966171217,3.06775780188634,2.34487457694632,1.7131707512646,1.73544853256886,1.82423027382894,1.67737136992488,2.16258678651179,2.90868892533523,4.58669239500937,4.07267880438394,2.88826400550871,2.13032025006009,2.05186766618616,1.30914115920043,0.918425689496127,0.927987564324129,1.17712390582095,1.51004681361551,2.9181477356187,3.42243443637192,34.1104082945805,21.062316133786,23.4543648365301,23.5822200703894,26.5931146563624,32.0064260789115,36.0867116626147,30.0255102266026,27.6207609739777,35.6074085020222,35.3767182678425,35.5923485578301,4.16631814634357,3.64509432575869,2.4976793827172,1.91728076119315,2.53458831588771,1.81608395167741,1.28398177378119,1.24828157743024,1.41955149141608,1.56521086677523,2.52866099680871,3.14505450129119,2.07841672721185,1.98502728780572,1.41145152318415,1.29559820648366,2.64476059799175,1.91575740551397,0.775256724257034,1.29951803621065,51.1236144459973,36.2162273910022,61.4093272334453,61.696867037953,2.36823810545687,1.92403132815558,1.0619056823282,1.268812459535
"MIROC6","r9i1p1f1",3.28683196525409,2.94647461276661,2.59805630264706,1.97613345912564,2.82176271638602,1.87077032507879,1.26783370315297,1.42120234025772,1.62335327703768,1.60037711073101,2.40521703085548,4.13646525763075,4.01806981739632,3.8137621332741,3.52307500221956,1.57525768736712,1.68958948969214,1.16000891792054,0.890853910388888,0.833804464522391,1.11491456298616,1.48865827115422,2.98287063772121,4.60956526735689,35.7360335229586,24.3688853810067,22.4475892774217,16.8169731582974,24.5811826450618,33.8747259394266,31.2684830857328,26.0823065054392,31.023647636016,31.011010280555,39.8645459398261,39.584885656192,3.63802554760923,3.35060296512211,3.02525955949219,1.72029468205405,2.23096288680445,1.47566077153378,1.04804689725726,1.08012877052671,1.28744601493783,1.48596499084702,2.68859019587949,4.36237834530503,2.30333092136873,2.02040168988886,1.17071547040418,1.37755405426204,2.87829970562523,1.83642894345733,0.79452147095978,1.46983461420102,57.476738823172,35.2730734788405,41.2121013641694,71.1268422584271,2.5818909581042,1.89082783062273,0.97538085694356,1.39574064712001
"MPI-ESM1-2-HR","r10i1p1f1",3.88648705249296,2.61038817741377,2.15571947079893,2.10446706061069,2.50469903209534,1.24753089474102,1.56155316139479,1.44351104530968,1.55341670142813,1.73113476835482,2.49602212265469,2.81791477482214,5.19106659693296,3.12085311059829,2.90655422644484,1.88769761848941,1.75694353202163,0.903861448033591,0.914663432855112,0.615321614812264,0.978275517686989,1.65702960940255,3.24456929114751,3.26458002790875,29.0173875738185,25.8798914528094,23.0966587124233,18.0287586353313,25.3744257621453,29.3981420947088,19.7606043115746,25.4582543125737,30.7769523036874,34.5447883522081,35.1721613074102,29.7084463008282,4.50545518641364,2.78023607696867,2.49280343499387,1.94693983282578,2.06236389310573,1.01612855553779,1.21940724247009,0.938720087299111,1.15978594933542,1.6597465531489,2.84872425570771,3.00100366352755,2.20396977261955,1.75899657916587,0.822248109771612,1.37407858364178,2.85858457057447,1.75636772522354,0.472520753056377,1.4414073582488,47.9117446547511,38.9915948797221,52.5294930841538,53.8307800896241,2.5176252265993,1.73251859720327,0.595345934402172,1.3907576699597
"MPI-ESM1-2-HR","r1i1p1f1",4.24029520768022,3.04672614947341,2.01455622448449,2.68663999872678,2.14104926473516,1.41254233992081,1.37583412525998,1.70242896116581,2.38944999202072,1.9833792132238,2.36443961915793,3.13375394584569,4.84565097105986,4.40606165530452,3.04399918437617,2.82677876051868,1.34935063139155,0.885314412621529,1.04343046075758,0.970223341985408,1.25400049496773,1.83778977697881,3.04291149145479,3.71791098185063,27.9212869396777,29.2385739545647,23.0105925133642,25.5186361920744,23.1772976517277,30.621737639983,30.9476162898371,24.0693932132734,35.4747285798791,32.689514646383,32.7591601649469,33.9931543142128,4.51071393793544,3.69834383561572,2.49160429322615,2.66608326951729,1.69308600782271,1.09433756795775,1.16912384917623,1.28457247237422,1.74832925171828,1.85020657436301,2.69806231023026,3.40786109478942,2.31884830708358,1.815010845096,1.03248389261322,1.61115365249688,2.86593348014982,1.83800554074684,0.68450838134966,1.58072077259696,45.8337286085359,38.0776020989925,57.67915259154,56.5575427655601,2.57865687216578,1.79910897486736,0.824453842207697,1.56259804290104
"MPI-ESM1-2-HR","r2i1p1f1",3.64375706067808,4.10500815517131,2.31227608421987,1.92686989342999,1.99587217705103,1.55269509851919,1.90239111489278,1.99574259506258,2.02725396058058,1.79560446710818,1.72188415913245,3.50701267905243,4.52715434205436,5.06379985440946,2.98276466679342,1.92114967973712,1.41770415019187,1.01393168964402,1.0064390395001,1.0033507082163,1.19625853508287,2.14487092021124,2.42095497448956,4.16404423221177,33.7977588864576,23.6703434896822,22.6012625524663,22.5970845439198,26.6668266518189,29.8668077788128,30.265397145384,26.1163534885755,29.3383600055642,34.1218521347164,33.7864143274105,31.8431276982836,4.0473476485849,4.53115524078484,2.57367084321119,1.85165039772693,1.64483168268605,1.23974413377978,1.42324301848109,1.47594115697428,1.52000075620066,1.9042873587848,2.04587895283547,3.80891422668021,2.62737358478443,1.52838657323381,1.27703409976164,1.20565716329407,3.12351297953656,1.56578356132626,0.679595890741435,1.20929826711634,50.7756708190688,40.3106170949381,57.0336304297736,54.0594432296417,2.85544649969907,1.50409402983148,0.962515860445528,1.14468286026074
"MPI-ESM1-2-HR","r3i1p1f1",3.95738942163679,2.9513858034692,2.09217480204185,2.38404659369727,2.04658392134953,2.09656533570899,1.18447815756439,2.15321465101214,1.70206433148273,1.64477927108008,1.90175055472946,4.52309018565695,4.61705484072897,3.66421182191506,2.86091376769851,2.76364119300573,1.56996229546935,1.24390929927692,0.742285999967079,0.939087353482765,1.06762708199394,1.63983809125085,2.48125153811586,5.28141395209023,39.6367674430362,29.8653547407879,24.8920660858634,24.20034696246,24.249247174,35.3864958982099,22.2888057569033,38.2698976868964,32.7935494428016,26.4759159697409,29.5185445316053,35.0144837026839,4.26175318734967,3.28062231270542,2.41494389644739,2.49127442805125,1.75423625193023,1.64934330366159,0.921542934056979,1.46201325528214,1.25295054071231,1.60412184591811,2.16443563295271,4.88773858811487,2.39992576513544,1.69423973388127,1.08752592781881,0.931720692201189,2.95540805670033,1.92127831009138,0.650517035743956,1.10549827534086,68.9577161794795,43.8747087621732,61.7367570610394,42.4472957859535,2.66845342439416,1.76861527755473,0.803841352220841,0.965026353043773
"MPI-ESM1-2-HR","r4i1p1f1",3.71105834270879,2.88706190387072,2.58656120178408,1.79196482416215,1.95953606988884,2.01675738372953,1.8588712432147,1.86591939065271,2.26696414545568,1.82698797409049,3.0365001783852,4.38248341919741,4.63276809584562,3.93914046286838,3.45098519999358,2.224484959116,1.50239655294428,1.35568619432052,1.02858568225847,0.906711881901638,1.20415468514104,1.86060489484271,4.0159108842061,5.17265244660158,29.3927929238116,31.4717490538061,25.560187253105,26.3964983745341,19.330211004313,29.1780069907803,29.4578756325301,28.6358767419754,36.2701523848879,32.9553206769338,33.4515370847639,40.6111310543949,4.13425416142554,3.40585027444749,2.97245786296903,1.90497232006921,1.68722038977668,1.65898459458112,1.41608574972518,1.34073663060412,1.65041269655972,1.7818400666133,3.5103475938837,4.76998397549057,2.70666270312829,1.33115195122172,1.27778993830629,1.44459356730973,3.4984216473988,1.62643747207654,0.691691247312842,1.6224148313725,63.5530156098312,44.2003115399641,55.225096431442,64.9298546355104,3.08723735445764,1.4447049573505,0.9478408615641,1.49226357414253
"MPI-ESM1-2-HR","r5i1p1f1",4.45496494303582,3.03359731073163,2.03380623858124,2.22701284390022,2.12499087219135,1.62903257378015,1.58530971628629,1.96532001430319,1.92521382601052,1.73283370341131,2.24802339743213,3.32459313905174,5.57081887952801,3.71566426356583,2.58595676951358,2.06407698332777,1.62992489778327,1.08003831349665,1.04399762187601,0.922396927550186,1.26309690566617,1.7421911161114,2.88980769355802,3.92036240407827,37.6634688399445,26.2545849307327,22.4869709402793,21.8049335343353,25.1490691311014,25.5272808768485,21.8192272585653,30.0691197995093,26.781619189974,42.6688106501558,31.9929771388487,36.0350780570087,5.00247754709558,3.31489324735795,2.25185491866431,2.05862357765638,1.8325411036459,1.31135185139646,1.30023870487506,1.39178212061528,1.52349039659124,1.65739374410202,2.55215932915234,3.60227418589213,2.30657231884651,1.72460556876524,0.999821823206975,1.21600911218606,3.01175665698933,1.69108888270114,0.605568033897233,1.18273499524007,55.9779312015833,41.6224023731253,49.8526455102216,62.960158995111,2.64505828543216,1.67017102847817,0.778917610327409,1.15242871971458
"MPI-ESM1-2-HR","r6i1p1f1",3.37086911948382,2.67105601399242,2.41480348311596,2.14588620066557,2.23778677607417,1.50140164398196,1.43038054578043,1.51489159735083,1.79002664848847,2.03696020985971,2.33304349595608,4.04054736248763,4.28668615143674,3.6433674583799,3.19184305205715,2.05723841230361,1.4083331633,1.14638863242433,0.840333814350125,0.795887417672371,1.14251185260081,2.015711277446,3.19196008674957,4.38925019124899,32.4550908108455,24.3619026114664,24.3387151976283,21.4469728325039,24.179379692185,29.3370623935843,31.6675912145735,26.0922184198463,29.0526080495841,29.2205714027541,31.1536387424736,25.9613071948307,3.81220212704826,3.10865310672179,2.76803594422214,2.01988960663411,1.77533872435851,1.29251158868946,1.09315529809224,1.07498195654464,1.39895281032537,1.97055625497548,2.73626349810001,4.19979337203821,1.98194436053989,1.76539207979483,0.933421588602367,1.40282555587995,2.54864399375365,1.71015896283384,0.597311986482276,1.43397205763187,55.3842461728778,38.6127399915517,52.1828346286886,40.9927725617437,2.24745066303103,1.70349539234015,0.742038199592967,1.38920716659688
"MPI-ESM1-2-LR","r10i1p1f1",2.92423287907008,2.89978992501102,2.27849769017612,2.0888015592734,2.39829680944767,2.02901085691311,1.63286997884586,1.94030451455317,1.65482228097436,1.45165779191502,2.08917296511345,5.09837589646048,3.81994764362026,3.45101018027589,3.14521347703013,2.48272421751388,1.99212241695583,1.31959589774042,0.837895557642622,0.949676290886144,1.12045249479996,1.58368477648311,2.50153056595633,5.50652799636147,22.814733342103,25.5872366261173,25.204506302069,14.1853186205956,18.8070434959212,21.2711936233235,24.2388130375904,25.2773946078491,19.8323791908035,30.6301933902879,24.3727000093778,30.4046058594954,3.34891473242564,3.12741860428641,2.62780009386813,2.19535559919038,2.13766442534891,1.65985735434754,1.19210043548179,1.37548319618544,1.30983898282176,1.41992795672839,2.28030296434386,5.28381719384112,2.29903777973388,1.64617634283941,1.09777203839224,1.24115722789976,2.87293354020534,1.74013145229444,0.62349589127498,1.15827854827856,47.4106297795331,41.4910516595578,46.1390204371154,46.7419117104214,2.57367084321119,1.63575003008392,0.800574506357706,1.16214229449051
"MPI-ESM1-2-LR","r1i1p1f1",4.39558425235374,3.95097107225466,2.59456771143006,1.92577495969864,2.64990999630285,1.66943104080402,1.45660998337858,1.54570223597524,1.7246155660247,1.75258101949241,2.77393450601815,4.79470972836838,5.20578811373047,4.69465825081592,3.5557238944824,2.50870667783268,2.29597599010234,1.2159098575179,0.766699149736646,0.731154024058236,0.931714523887542,2.04698825583837,3.15098233177725,5.29049136192232,21.625717980241,18.8005260992664,21.4686376442207,16.6280762429161,20.8801990566105,27.2368962483132,25.2054646510605,24.5624535915446,32.649187383174,29.665121165994,25.2295930965224,29.1482080835642,4.76982975189565,4.30332135828173,3.02369188967364,2.13791444190817,2.40415349405742,1.40165747533444,1.05558721468957,1.02938995437148,1.18922847586832,1.84403667652458,2.93528866386764,5.04194019396702,3.39749738862992,1.81475434517549,1.10993424264166,1.194436336068,3.94995853317387,2.20432177387028,0.668468828527287,1.13997882617965,48.1283456517302,40.565750374525,53.1511788777253,53.4968458625495,3.65834740656576,1.97059125265933,0.842574052818361,1.12505427710701
"MPI-ESM1-2-LR","r2i1p1f1",4.39522860415231,2.91247021591993,3.04545827289655,2.67286277281473,2.48109171373289,1.60669933672131,1.39597533160038,1.59883578333391,1.36592354340819,1.99274546361512,2.93814391328478,4.1195482957382,4.94123629185592,4.31532420433341,4.04192966320529,3.03831660892869,2.2441341160979,1.30672882798424,0.82659806908563,0.971791804011964,1.23788845058509,2.12195962347971,3.42112436985605,4.87084217033111,24.3558069735604,27.2787138605371,17.8205731553788,16.4869840685967,18.6944751811558,27.6045533891801,17.9092941260105,23.3597709010967,18.3655728026059,27.0501526542955,30.069344377029,28.1514632844808,4.63664067850952,3.57127911017308,3.50496527931382,2.7978255103217,2.33030016319244,1.39343287330743,1.06492674185469,1.20279846106113,1.2503608674501,1.99129138483305,3.15752886063566,4.46555270034295,2.27042200745897,2.10370499658191,1.08776370828295,1.52624925277924,2.93253842416351,2.48453839464854,0.813647951208474,1.64409077692159,48.656513190549,28.1071318719816,37.1352001738785,35.9505560841362,2.57753334816827,2.28151240421233,0.909774507871271,1.56572850364501
"MPI-ESM1-2-LR","r3i1p1f1",4.04463743171412,4.09334896473858,1.60494924186577,2.21353205035098,1.67794688447711,1.40822297738071,1.49843213078695,1.66175713677095,1.59173150857872,1.90672132386895,2.95640547512234,3.79683019639144,4.94532869100416,5.46394661793819,2.32685718681145,2.58196441297804,1.54405050241985,0.890072966142367,1.08102229181562,0.868272164545275,1.1808627276738,2.13750310882344,3.49833457913708,4.16417258688126,26.6764487805298,29.4725083277015,24.800493367358,18.0716123357545,18.5829732968576,26.1524375251285,21.3057857340941,26.0255806962057,30.1446466912109,32.06164751505,23.6943683594651,28.0545734587789,4.47213595499958,4.73828743493807,1.85497157396815,2.31083405353749,1.52464806566562,1.08575414757003,1.26713088891999,1.18930096342734,1.31199593495305,1.94108927826798,3.21630901471872,3.95094779840827,2.20527319964159,1.27857679499108,0.85012507531431,1.42076553753379,2.85018450703423,1.50158536909816,0.57324444646442,1.68123175971817,45.6244182453857,35.0125271505966,42.8631658712437,53.1354049986242,2.50883725415103,1.32214124482385,0.671633794580788,1.53218347690365
"MPI-ESM1-2-LR","r4i1p1f1",3.18324637300734,3.50311027648223,2.73631180585301,2.39938689486801,2.78861395967458,1.53683134231205,1.40730442588888,1.70361684214133,1.73393778143423,1.59072382859206,2.49905959324197,4.02915951989762,3.80144558105823,4.53809038779706,3.75390218428709,3.28462982746127,2.56654201817046,1.07737975033726,1.02221868231937,0.791978462495964,1.07189809088429,1.74665855047689,3.09600409872312,4.72815484897249,34.0486528165314,16.3948211615601,19.55093436342,21.7042778769744,22.556744537675,29.5204476183239,23.6307186109303,25.8172543212801,25.9126882780059,26.7889932793216,23.5196481813549,31.159486664504,3.46339810544234,3.99932321860794,3.20793018813596,2.77790957541735,2.63089731644076,1.2515737220033,1.18854687672002,1.16788442193074,1.327879651104,1.62289651655559,2.7787287261144,4.35162144440464,2.46380697855701,2.29087143987239,0.831671907015946,1.24559453560396,3.19436285086533,2.77572399171116,0.545451410649299,1.29447988046147,57.2522497675705,39.7718348907202,56.2688174399636,47.0849319431594,2.81686219820533,2.51370724984654,0.617745251217926,1.23159554489568
"MPI-ESM1-2-LR","r5i1p1f1",3.16996682240878,3.41643929717248,2.8629801208555,2.28383877281867,2.12851737293745,1.92348163734292,1.4882258202148,1.77149848900633,1.23504385887034,1.41063693122084,2.57868361677083,3.31885764864268,3.66503359662198,4.41827968810247,3.63182136630942,2.53329325437141,1.9450615331696,1.40403359818331,0.80502016823454,0.82976939048106,0.977587930019362,1.71189214398679,3.27810745793165,4.22014871449026,30.4854282130551,21.9653603993029,21.2781116286845,16.9090824400828,17.980712527275,24.4982157454914,23.3330826751725,24.5250517006497,23.3143939556069,22.0471868562831,25.6486149387421,28.905257247631,3.37155273072986,3.87634144374638,3.17522014803789,2.33292525167118,1.99833263830958,1.63340135912763,1.06644214591074,1.24122668282668,0.998648512027486,1.5288828465977,2.91259847645663,3.73307059830832,1.53036694570477,1.9149772664537,0.911491136519727,0.985550782470181,2.07022959468573,2.15728916738673,0.710261405658379,1.26799688168151,46.1264430357082,30.5316645505921,35.7691109597453,47.2633878132557,1.77384898733941,2.00734570555477,0.77924956532389,1.10193664419335
"MPI-ESM1-2-LR","r6i1p1f1",4.01762782414366,4.86331446507491,2.76525237359182,2.33214419616887,2.44963051401072,1.92401938002522,1.56215662893749,1.5974836534339,1.83655099037023,1.82921376238693,2.6493568944223,2.93818303382037,4.64617627980133,5.74083577559042,4.07354233148948,2.42543040380015,2.11283978427684,1.24283694753613,0.965526477788333,0.970631978033698,1.31068114256339,2.38343179605307,3.13826220306277,3.47907373060539,29.351730646659,22.6147294590439,21.2531942156424,17.696905697448,25.6132654656936,27.954355447868,21.989302780707,25.6897886596856,25.9666561167405,29.6748285298477,28.3743448959771,23.6040871679987,4.31472885097908,5.27618919427584,3.35779929298254,2.29487184426695,2.22074855351321,1.55330200747851,1.2007851837324,1.18756004082939,1.50094223280141,2.04377664839036,2.88491120204386,3.19295920828111,2.70920313177056,1.92527352885753,1.07284132365748,1.5124616457567,3.20782986048093,2.24750180596503,0.692065042455191,1.61810517823042,46.0154826518006,37.4784388590339,52.6861831655295,43.4174737057386,2.94776166787186,2.04239266941789,0.830177934119458,1.54231129734922
"MPI-ESM1-2-LR","r7i1p1f1",5.19281554971225,3.50781721433649,3.3361895808752,1.91859922560856,2.08492123393766,2.11036032223295,1.85380937407337,1.56534304565316,1.7098396779049,1.57706624180295,3.01594422034458,3.11296879403628,5.73437807909655,4.33260957704781,4.03558310959925,2.29136309379073,1.72238807754094,1.26830958184597,1.13530592363023,0.875995328807154,1.2909454790521,1.69659564469829,3.79524960183515,3.81871375107426,22.8121705770578,23.7803444384053,16.8752161331412,14.7124191029915,18.053146317305,31.6854577035753,24.461492374657,26.3307392145797,24.3789774237946,32.3464897987224,25.5751576662818,29.0181267169492,5.4502093179249,3.87822687296152,3.64155454994565,2.02943851585979,1.82853813855165,1.6425239899226,1.43713076217379,1.14364310002285,1.41317283842578,1.55224716600412,3.38729200489665,3.43907398656346,2.7219013807331,1.77867637730207,1.20986842639826,1.43545018770395,3.33455609756622,1.97804036312734,0.795974065308461,1.57198534695285,47.4852843508919,30.7683753152523,47.6793813120394,44.5725439947163,3.02179820104124,1.82528851443259,0.964400832391408,1.47539591413569
"MPI-ESM1-2-LR","r8i1p1f1",3.60520058587145,3.53640508419783,2.95612553199615,2.12082178823947,2.29006851275316,1.73544853256886,1.41755820493122,1.71236544064018,1.89380114019944,1.77028148940335,2.32538218339493,3.63779805825498,3.68032357398034,4.46145819160085,3.85358617871478,2.50529554087466,1.95582243041395,1.18078972209962,0.813711519386084,0.773029567768063,1.1359789944634,1.86610418454764,2.89317270066307,4.20203016068,24.6772781617273,27.0005170235725,21.6932999879644,14.2667832200632,20.6134193541796,24.6418725964053,16.5464570642573,26.6228984924244,28.8653674284879,35.5244251411504,30.4631082707796,29.6015743989497,3.60255496819279,3.96979978649145,3.35052063204319,2.26050548715796,2.07429810868114,1.4185308897086,1.10195229051657,1.17588802344363,1.47524009345372,1.73347369016168,2.59448796799907,3.89822977802731,2.29472408378211,1.83980571188136,1.16255762432881,1.19906572826082,2.69145305369235,2.05790039190154,0.594650481713669,1.1752426993174,48.6975050695618,29.3962193597013,46.9805468423814,48.5777893763153,2.47114148317838,1.92796718625198,0.819559736028766,1.1711130377237
"MPI-ESM1-2-LR","r9i1p1f1",4.3705703354907,3.55181837839485,2.24921186707444,2.3897674585087,2.38636211374783,2.0612489239383,1.47524009345372,1.82191322957268,1.62453883818812,1.73276737002423,2.51310130335399,3.51575109288562,4.84344443789629,4.56105956635255,3.55655296115737,2.49201252741266,2.18027732075585,1.24980918083752,0.898792293139464,0.911642448563574,0.942758242312564,2.19257891507936,3.27015237438932,4.14859621736228,28.7749739606621,26.8928612926506,27.0412787904102,17.0412467840244,20.9166383202629,26.3474712520824,19.8235909617983,22.0775136551968,24.6685385279195,30.2544848010128,22.5621157909784,28.7312869634256,4.5894631945134,4.0312514813327,2.86562063246261,2.35502885747505,2.19217259577232,1.61533242726527,1.15241375871011,1.31561794405239,1.22544385578376,1.929254516259,2.86707227817435,3.81193678711564,2.55457444102,1.75446884256752,1.24842889771251,1.27451140063352,3.09370142478991,2.02244872631538,0.66699704457461,1.62363647479935,60.3604845238507,32.8310800323711,38.397030536527,54.3328168651851,2.80999856833113,1.85516985001746,0.941147502089686,1.40577217297073
"MRI-ESM2-0","r1i1p1f1",2.44353239690262,3.22313654619259,2.08073815372521,1.51619987764329,1.45088161862516,1.88143073462602,1.21069942737588,1.59864885478942,1.44787200170918,1.74749738953647,2.6802470292738,3.18103033984093,3.09423639216119,4.25913622455426,2.70928798382718,1.82593071842985,1.05819733943882,1.23995272434907,0.93095550963488,1.00169970492687,1.22568301390478,2.05213933787864,3.4858020729746,4.03210677654638,32.2075203611842,29.709379493437,32.148737663139,23.1913105506668,20.9037135786757,26.2220877326248,25.2980397677756,23.734411702222,32.5385975932174,30.1756362482799,42.5446291706059,44.2943997653734,2.74558998537948,3.7381060420498,2.36358630684074,1.53622914957372,1.07532940689508,1.49825952664931,1.03106350629968,1.24526228599422,1.2777539561331,1.85220899493538,3.06613126260769,3.58386550445507,1.88180641998555,1.11802884835192,0.968948950649887,1.28001436773545,2.52735835011283,1.38194016537969,0.769004431776537,1.42609506220195,64.5817401509091,43.9645698523123,43.3910584570484,60.1133852977357,2.20099507276705,1.20335259640073,0.839841254841255,1.34822573913947
"MRI-ESM2-0","r2i1p1f1",2.78469751137984,2.88863209881405,2.92260512037722,2.03972333034846,2.28932806484911,1.88234690879696,1.22403609743181,1.7465894516582,1.67612031499676,1.39244265652993,2.06939660259955,2.90619829085132,3.74299191900639,3.78176052172505,3.80099200602751,1.9861474288671,1.62658940837824,1.51382897347076,0.837353521244301,0.949192033911674,1.3503894712778,1.77208235194332,2.89225879193758,3.79877324420918,43.8665683190736,22.7727958293455,31.6621126791998,20.3300310112784,23.2906001955996,29.4714231351185,24.5547619278488,31.8540305827664,37.7958467888042,24.4436776960904,29.9706003452962,33.664674346421,3.2605778346931,3.31365860241114,3.32671008655699,1.92651194542418,1.85975217728587,1.55251371993123,0.978768872485801,1.30815743015471,1.43861363659681,1.54800947456188,2.46264272589474,3.33286663399543,1.75010344521846,1.73636229600522,0.822918830929789,1.13364938121989,2.35125058433695,1.84479385510037,0.699630444320921,1.49226357414253,64.7836810727311,52.6871752590857,52.5817834808119,60.6621391515069,2.03888633112892,1.74532544802974,0.687064386549301,1.28378033713832
"MRI-ESM2-0","r3i1p1f1",2.4640029108805,2.15989835861325,1.9983010024898,1.81994379097236,1.35226077196756,1.99604493994971,1.29606389086164,1.35839662076668,1.90501153947089,1.8248759995663,2.4578656286046,3.39659904278843,3.11064911731209,2.9563588197755,2.49574580565345,2.38256357636104,1.31140444150361,1.33719555563986,0.999563122960031,1.06786391142942,1.30317472651064,2.30751147243135,3.06655859379784,4.41388092585043,36.3798019305458,24.8451581813735,28.3337881640302,16.6655405366676,15.6873050658768,30.4010286048003,22.7915998338973,28.864351995012,30.2850405012263,30.5979206340306,34.4404493542715,37.6559720347923,2.75126721064455,2.52694900311973,2.1701236788739,2.05163517628055,1.2334234201333,1.58674103950102,1.11119693155158,1.16823867817985,1.57588143553079,2.03261057439108,2.75148653656883,3.89512073204944,1.8129673396707,1.37228729273177,1.04022543975681,1.31368132387183,2.3238988246321,1.67290785450221,0.873255239116078,1.47197576191939,59.4466804463626,35.602101190736,33.8202525531466,55.3529956410381,2.05455479418264,1.49544903493631,0.939160789484818,1.38257214897684
"MRI-ESM2-0","r4i1p1f1",2.72731816402416,3.05452556656211,2.59712484706923,1.5554908306184,1.77299344249392,1.51329738171889,1.10433315812663,1.27818117903401,1.75793766316847,1.82272058879785,2.85745848010382,2.35406471653928,3.44823126407941,4.31498458328914,3.30346561318129,1.45596276951263,1.31725943298695,1.26502010342483,0.815686721472286,1.00169970492687,1.24363205557559,2.30246244992906,3.88387322969839,3.15656768345459,35.9213478294601,27.3750872564609,26.1359929299956,20.3034409064985,18.0169285019306,18.8505361367702,31.3706175214668,23.5637177266969,34.4622246965352,40.175471587044,38.3685269728845,40.3889140645096,3.06109438772716,3.66592887038996,2.91295954886664,1.41820673557404,1.46021569812733,1.30578289371443,0.895429005252944,1.08524058458794,1.4359745779455,2.02246009295269,3.34162187890988,2.74418926326951,1.69532487647106,1.49114243019453,0.654076518424277,1.47352107817163,2.3727403043157,1.60765410587537,0.629257909955353,1.73710023930092,61.0997691738966,37.6794532258935,48.026418615773,60.3915063107616,2.01477302563529,1.50279815639046,0.593847768720059,1.57795153109427
"MRI-ESM2-0","r5i1p1f1",3.73547147311243,2.6196187315811,2.04365010388922,1.75945393827731,1.30792895866692,1.53347325698398,1.485117743697,1.22354299935244,1.20342423320185,1.88290555613746,2.76424003814896,3.47155270173442,4.45087618908622,3.65450595745902,2.65927135470058,1.62198969624121,1.26090644279077,1.14122841659791,0.976482074274439,0.885392308657516,1.10140975493949,1.91845543715975,3.73118113252066,4.65970868804813,35.1698728178393,24.086096767041,26.2951540485463,22.5142519358269,17.4398700960047,23.8276416320862,22.2885675039763,36.196044109756,33.0541737500554,30.5828958282465,30.4297126800945,38.5123028558975,4.08842633357353,3.11145639846362,2.29657666273436,1.54784239893925,1.23241655892504,1.26386107922754,1.19848563449545,0.964001478512721,1.05797464280936,1.82009536190739,3.2250830872305,4.04125990369283,1.92302742641872,1.13256904587675,0.858018299512808,1.28270547411841,2.44969855053754,1.28555636687537,0.676034753918574,1.57932402242735,68.8259047228552,43.0925067492138,47.7680435909379,54.2752670117375,2.17365627669036,1.139010459823,0.73585512067301,1.41338429749796
"NESM3","r1i1p1f1",4.69694936456987,3.66797259920324,2.43444865008179,1.38772947776153,1.86353082250785,1.62684378157682,1.395892990662,1.09468937493072,1.45742648323097,1.39864055507441,2.63670161419506,5.15859399003478,4.84761465218637,3.8067936851003,2.61018341716906,1.45450548534426,1.83033506134303,1.50943774262159,1.23475066122772,0.99120268291641,1.36940712064344,1.43784641003501,2.76673383106399,5.21960164948536,30.0536807086575,20.8285105222316,13.9409134910707,13.5933676356582,18.0075386512389,25.5956183391009,22.4047552423869,26.0875704758671,37.1263230345932,32.251008359893,34.2309774340721,31.2528805109207,4.77076947455128,3.73776010127893,2.50419418291536,1.40710839063254,1.85262783231211,1.56259804290104,1.31529027433001,1.0427031624856,1.39835699978603,1.42391721314305,2.69840310375319,5.1895739864578,2.40856708486578,1.33418794450571,0.888424926808514,1.26091100071501,2.45100026496338,1.39399780669034,0.806867078742602,1.32397867816286,45.6279779062813,28.1516012896676,51.4029831640239,69.8098238484178,2.43374032181393,1.3592425206287,0.852777746577308,1.29643631792571
"NESM3","r2i1p1f1",3.53172160160797,4.04597714211076,2.95531665845204,1.74843443929298,1.89020767575186,2.03159243355845,1.30101640195692,1.36878585346419,1.36794585494784,1.67552016284256,3.02271857542294,4.3968170305347,3.60315953306118,4.23244718755028,3.12861469105057,1.82784654402544,1.80358519073258,1.80413318569449,1.20876112126254,1.18168008195618,1.19322320175037,1.63051363460833,3.11279155491784,4.41887409595047,24.8464870663889,22.7460444963489,23.1056605991722,15.2783074377013,18.2379357069427,33.5765722922479,34.6774669294584,25.9733729701838,37.6564276084427,27.524050298377,28.0617340793514,36.7232482974647,3.5754848557955,4.13227275974367,3.02989131476862,1.80006385582775,1.85281705370033,1.90868854295901,1.24920664478673,1.26094746351588,1.26571046788187,1.65017937025736,3.06039588754556,4.40491366178908,2.40565425898925,1.72556504155702,1.01658092723068,1.39097666837155,2.44174659552985,1.77451952376689,0.935266880591329,1.37072847483524,40.3483835794108,33.6094745809749,62.4636178244915,51.3295998045178,2.42388734991077,1.75135087434171,0.970489863271453,1.37798787175818
"NESM3","r3i1p1f1",4.62121668807695,3.30472319601791,3.20326880459364,2.04445142011137,1.92015624364269,1.76433700223944,1.29213358264628,1.45161028302816,1.53800886355307,1.48902498377255,3.36855131043517,3.85774188014091,4.7416048013256,3.46185950962309,3.37155784450609,2.07944510723967,1.91448201331596,1.58244681775865,1.17434745881404,1.28322958231158,1.45540609334705,1.47483098583587,3.4433677714115,3.88451242520978,31.9956586494761,21.9541779858523,19.8104396024263,21.7639203703068,19.5046189637106,23.9503327071172,26.2891533946397,27.9932892204419,29.5138815965734,37.591675527509,21.307588632535,28.412672419591,4.68493427866414,3.38103058490928,3.29719664975058,2.06380966778131,1.91742164041361,1.67422653268864,1.224505530042,1.36381816969859,1.49890381401815,1.47856718465555,3.40971566549767,3.86954510380029,2.49143129246172,1.92467343102459,1.08617752195274,1.46419331680127,2.58701443331129,1.98472326453378,0.973936201266762,1.4742853324168,52.5664025605797,32.8845601894046,58.2523389101738,48.3012539995706,2.53743467160116,1.95883204703868,1.01949390193956,1.47833394886535
"NESM3","r4i1p1f1",5.19601527255682,4.25920099354894,2.49812803478143,2.04900873146241,1.91335295756687,1.8989531296232,1.4557101201898,1.16777123409185,1.52725807949387,1.70511064123434,2.0623193059127,4.05221097588754,5.34241862657815,4.44961705700872,2.65287525647867,2.10424857584971,1.84416133634852,1.75592592727284,1.34131518920111,1.04068942665842,1.44806251849541,1.70236144304276,2.15416197002534,4.16189059603125,29.5858860805691,22.0175060965733,17.6629738061902,19.7661919657679,18.9648483058623,28.5749025802585,19.3327118409818,25.1511442576926,30.4366015291405,20.4817260856666,24.3919529315734,30.7269479990014,5.26746247443114,4.35798777777822,2.58184643898175,2.0771333030455,1.88224920479875,1.82104239442657,1.38940572759078,1.1017227888395,1.48433970768692,1.69195527236336,2.10293719059467,4.10589847644222,2.9515318446334,1.66064659889959,0.977188084108754,1.23581142779045,3.03410499215968,1.69353401833691,0.915643106701828,1.21562622809677,44.1473733614203,36.0537695511936,48.8513955847191,48.4623067178379,2.99379626760974,1.68509353742902,0.955468230884672,1.23655528203038
"NESM3","r5i1p1f1",5.12534832009483,5.35200574712335,2.11146024537903,1.65988851585203,2.0690383128956,1.66417284690257,1.43049304256525,1.3084561403671,1.43111563265272,1.45178843333745,2.66436898138481,4.27357558443302,5.28939624566719,5.60336618861182,2.20761742895903,1.69378851697309,2.02441704394527,1.49769554784108,1.33451528072284,1.19270290931357,1.25381716022089,1.48457199993416,2.78334331335536,4.33498995743179,29.9845124773732,26.7509716227022,15.6049435874602,17.5874550379708,20.015765050947,25.993825305695,20.5452861165085,26.7860937072197,28.6955649582973,33.3838712864306,23.7750047439472,26.1777654183632,5.19892119667104,5.47902583840695,2.15119587163999,1.67435010552216,2.04894421929761,1.5804698850251,1.38632069070301,1.24050416150557,1.33780142161614,1.47194452669086,2.72357945679418,4.30432020344596,3.51702754590019,1.54962361021421,0.901601385020711,1.26254623222508,3.61711925766043,1.57937860616421,0.857716830264826,1.26761609910597,53.4809017367388,28.757376065297,46.7751978930184,49.0771946476442,3.5694569598898,1.57315482135549,0.880236384134411,1.26227763490692
"UKESM1-0-LL","r10i1p1f2",3.8760745636518,3.37954632063733,2.34483781268899,1.5229131189323,1.84850358864715,1.6101295728541,1.39430697983729,1.35053841966399,1.76219560019123,2.05068253285942,2.98657725132984,4.5461376811632,4.75912795064124,4.44217120983323,3.45837148573333,2.07908025642198,1.72120313440484,1.16232031116518,0.969565609571816,0.822080343977414,0.978557465171912,2.67530210991401,3.85437354213351,5.14830738840614,24.1203839011785,25.8383249163478,24.4070380371549,12.4343651539437,17.9233364222666,29.0643392509094,37.5231674030061,20.6610692271527,23.1794885546505,23.5685256708783,26.3111933699656,24.5357737885378,4.30777965049762,3.86954064813722,2.84710984732915,1.73715648220826,1.76360393812633,1.36143940055344,1.158397624942,1.0799584921781,1.28967607088605,2.34095225736544,3.41626266184447,4.84323915548689,2.75985381921729,1.64683255714246,0.911207358714092,1.29233371726563,3.18032746091038,1.93081782446309,0.571708470037522,1.76744506816068,40.889174016164,34.4982993084067,63.1366033150416,43.6094258502506,2.9601646428271,1.76981069187003,0.70636677653221,1.49129273551121
"UKESM1-0-LL","r2i1p1f2",4.16965502032311,4.4039637318811,3.01089210440491,1.06004228933209,1.43992336960855,1.73047398994757,1.93219546380402,1.95260215415578,1.68147786666728,1.72360554998933,2.92706160768311,3.9334419427826,4.77224253895113,5.16248625836584,3.64809665379117,1.44501123568793,1.41844985811977,1.36360323888712,1.1773533537304,0.987188041806148,1.14301476745521,1.82758241162044,4.01723442355473,4.478987980932,23.0790020003754,18.4196999114423,21.1472791108715,14.083243487437,17.6354645301847,31.1892746080237,33.5237119717942,24.0518560948879,21.4313351529199,26.3956753685319,17.6394098996876,32.2374004613546,4.45173348646151,4.75167363134828,3.27849313578347,1.17336337474603,1.37431696723746,1.51898332605318,1.52693818797129,1.43136057771907,1.36410890454108,1.73771219658519,3.44655250038804,4.19709943629656,3.21536540888336,1.27920593185458,1.50166191459567,1.27389799118847,3.66550399539134,1.61913841144057,0.909774507871271,1.51399980260859,41.2357685655961,26.884496237256,57.2905766458481,36.6880224120318,3.43438327880671,1.42942798622949,1.16757435954095,1.3716547603567
"UKESM1-0-LL","r3i1p1f2",3.57684121865205,3.6052388445756,2.63142153794196,1.20291313069565,1.58003346392614,1.8093022723259,1.29313394600051,1.42338838085697,1.93343241918104,1.69821068782112,3.37461960393529,3.67929278561775,4.38354944618245,4.78171325041511,3.72379888835575,1.66063621653816,1.57101621698281,1.42359428548136,0.882531624909565,0.757764407023531,1.09913236419595,1.96628186377642,4.02650557263203,4.3728275394366,28.4738244386124,19.9229264918586,15.8276870755306,13.8688122787421,13.2440092724671,22.4256741720057,32.6889571497812,26.8695274567144,29.5952273645367,26.7196419206511,23.8167911404934,26.3325645166396,3.95933496099198,4.14407345827583,3.1242635913933,1.34849852645899,1.54159195221253,1.59906941328566,1.05788772409061,1.04356264234867,1.45813611145881,1.79302928670686,3.69309545273183,4.00507723747756,2.13747084405739,1.42464353274856,0.957006828066298,1.60768270444168,2.8034461551504,1.80338442998126,0.727584572640753,1.70910005222215,44.0533429263717,25.8704822253995,46.3804462365709,36.7030896942403,2.46603595540157,1.57092841719603,0.817200154156877,1.65293538963229
"UKESM1-0-LL","r4i1p1f2",4.27590952884302,3.24282585721618,2.61248329478243,1.2826382652721,1.58513569526832,1.69627380678539,1.46374185903289,1.67462811105774,1.97748534150372,1.46186780225312,2.66281546617421,4.00266577836988,5.05704925094039,4.27250498543591,3.88191948017662,1.91720582121992,1.22528908153682,1.09517751670834,0.778659325268494,0.770012688356422,1.04099863636776,1.86944272229829,3.39873032411987,4.60314235498207,21.4182154724195,17.4039498753693,17.9313726869078,16.3193418844091,16.9744056825522,32.3561504395125,31.3466016783576,28.4156143331626,31.5170898723691,22.8949836396987,25.6036689181251,23.310286812143,4.658010033401,3.74039920421558,3.19554467143341,1.53486679941747,1.36683206176087,1.36012169840892,1.09181384460189,1.16520927033652,1.41447768679353,1.63815497561676,3.02895794076058,4.29425705776458,2.3506907764393,1.38401797211107,1.01576651312957,1.44311285513077,2.82363587245769,1.84308586811396,0.612710203198419,1.55140277642933,37.3882463552015,28.2893513940997,60.5956734732618,44.4215878967014,2.5877341084609,1.59562980755519,0.780774740499652,1.47566077153378
"UKESM1-0-LL","r5i1p1f3",5.80162878437807,4.33722327614413,2.36318507065378,1.27575084945496,1.2814144483756,1.83842761400987,1.59643640506044,1.72833053458579,1.71111646015982,1.43970383288952,2.1777453277745,4.58438128040611,6.80929807174609,5.41502910702104,3.40311554348348,1.70344141187132,0.918144055008323,1.28270995458296,1.04508152902003,0.805904931502897,1.27051442201642,1.83915272846512,3.00589459210575,5.02438765068618,21.6078168061106,17.7304206405814,17.7945167842852,10.7106242238428,19.4737028694667,31.1810738720797,36.6695808664285,23.0870568804752,22.5869924931377,24.4614416262979,24.0384904473743,26.4596567774718,6.29268504356219,4.84979084748691,2.82094791274791,1.45548506746349,1.04298973446861,1.5319921670818,1.29245822983262,1.23158154559423,1.43270903271173,1.61166723127568,2.57825566979898,4.79511245418456,3.47135403705452,1.15720630692267,1.10453610171873,1.09523523951937,3.99533636176958,1.47939487473842,0.733665024255683,1.3355613568575,41.7441425445728,24.0680032742476,64.6135433829917,36.5468422460945,3.72459980107406,1.29799137485401,0.893456416293538,1.1810817173204
"UKESM1-0-LL","r6i1p1f3",3.41793948817523,3.5323073765315,2.86193608609968,1.4568151374926,1.77109616034686,1.6614077952354,1.40509745234084,1.41780549222843,1.69638222216521,1.39950730246583,2.69302206008268,4.60350191539631,4.13674868165476,4.67032697174283,4.55611374021689,1.85831464863551,1.52826247971235,1.32734719448705,0.739244721740162,0.749129763324653,1.17579026982736,1.61409381715398,3.35862074866058,5.19014982176948,22.0540102434023,22.6387065549858,15.7285011087019,12.807530112641,19.9676833736502,26.8490749856714,33.9223752150389,29.5987940496805,20.9128855400013,23.0338970604868,22.1401637431775,30.2295967098699,3.76905732291886,4.075253324049,3.66375380641535,1.59182177134381,1.59991379078094,1.46745929470265,1.0328011236049,1.00230194821835,1.39221563265756,1.457615751205,3.02364057038044,4.89359069447553,2.44376052780165,1.44437076145695,0.774121675071879,1.12968818808504,2.94973990671065,2.10068680613538,0.622942590664957,1.3325328056603,51.2201760713648,32.0206262547616,55.4924856671355,38.7647785685829,2.68005832840969,1.73135054585826,0.672967352455722,1.21761496660338
"UKESM1-0-LL","r7i1p1f3",3.64541122351179,4.60625386975617,2.64154256570603,1.69639238575183,1.56507867673412,1.57687673262213,1.31867226850501,1.78898609954572,2.19629782541691,1.49451487535042,2.10861669532803,4.09187588715275,4.64742667641391,5.36768641700168,3.48184783811931,2.05465549311857,1.35521555311408,1.18051225974248,0.868245687989663,0.941141395560083,1.47495957474313,1.903188492184,2.92691827263978,4.70003668364261,27.1570350319054,24.2824803217199,17.3373094466983,13.7875439370503,15.2379173917167,19.7387931247832,32.6880309565457,25.8396825716242,24.4531127699099,26.7259364318805,23.9975918332049,26.1094929228749,4.14667987949257,4.94172941946161,3.0229847471678,1.84060210038835,1.41419730695137,1.35862083552132,1.07476808511493,1.3167750573747,1.77971972480236,1.66374801916167,2.50584603833039,4.38276273546747,2.21070800538141,1.52277725709069,1.09290291499712,1.23804164971813,2.71212899364336,1.65669661620978,0.764710147176957,1.37577146591895,46.5854948812754,28.3276689402112,57.8048118746361,38.9839572072953,2.46082174855493,1.57115156537468,0.899706210030706,1.28760670799851
"UKESM1-0-LL","r8i1p1f2",4.57346796155853,3.52310110262399,2.70167253433102,1.28347588400701,1.71068649257018,1.60659917824585,1.67573967198842,1.59177483534474,1.92008141589834,1.94393841253372,2.95150263697865,4.74342254825188,5.52167723977325,4.7859660743018,4.02532785842546,1.74823720739874,1.39973724956368,1.22106040216982,1.16912384917623,0.716312395729588,1.42643756888657,2.51915877219762,3.59700386177291,5.67110542853941,25.538203070928,24.982745539925,16.9493461034145,13.1505277198425,15.6114900214443,27.1439341459476,28.3879883939928,28.8576779161568,22.4956506651969,24.1668779221841,26.3854975840635,28.9195435648628,5.03658911219264,4.1199333216343,3.30127283011425,1.46892720256546,1.51627568536298,1.39447184415388,1.38506400532632,1.10007836711441,1.59121510715597,2.2049604474259,3.25443817211081,5.20157027572764,2.43985349098491,1.49710832384745,0.985410819282304,1.54369686143362,3.12519608580208,1.84595239101258,0.664744354975102,1.79515311676851,44.53145717536,26.0041163850171,56.7706258026366,41.7039771801645,2.77708397465738,1.65981580476483,0.780575973608407,1.65669661620978
"UKESM1-0-LL","r9i1p1f2",4.46163209145938,4.5768595868959,2.92482242313898,1.30962835826871,1.42359428548136,1.57277118342189,1.32673655450412,1.51756005012887,1.86661227342754,2.10691526977783,2.91473466389645,3.22978950241112,5.08940300904789,5.71486868947407,4.00373388944261,1.99287524048495,1.3024468573005,1.17985485177812,1.03000948550481,0.769504990909404,1.27580941177451,2.63715494556095,3.67739444240857,3.76661224658073,19.1784061998857,24.6273114907894,16.5675284819432,13.5458285558458,16.9393834788542,29.2909975970414,33.4893300901206,21.8228973918385,21.7873972323662,23.8656979832957,17.7682087273678,21.3053770666943,4.75174620050598,5.12010236966626,3.43183205655053,1.61383743430614,1.30366856376072,1.34670308360911,1.14745595663354,1.09370718306997,1.50266047587175,2.36317777481981,3.2832630250947,3.48501059547524,2.72228774649423,1.34610549363711,0.879060365638664,1.50241185409006,3.13363106924873,1.86886159952012,0.648153877004421,1.7516494689489,33.902860558115,30.3943022488657,57.5115901362499,37.7794752097807,2.92892824931837,1.58907549208344,0.733946974187877,1.59804478236274
